9.51727 8.990969999999999 0
10.9773 -7.15517 1
-7.922789999999999 13.8941 2
-16.2519 -2.1389400000000003 3
-33.6796 8.88927 4
-4.99377 41.218999999999994 5
42.2586 6.54801 6
-42.8811 1.02871 7
7.57061 45.2059 8
13.0092 -52.3656 9
3.06554 56.5135 10
19.4807 68.2318 11
54.5986 45.8516 12
-32.8169 -67.8536 13
-73.7802 18.4788 14
59.0064 -55.8864 15
82.8075 20.287 16
-56.1214 -64.9465 17
-15.0249 -85.3235 18
73.9017 50.0066 19
-23.3115 88.1595 20
-70.7331 -58.8064 21
92.7071 13.5396 22
-3.3464 -95.4888 23
93.2907 -36.6359 24
-4.47256 101.508 25
62.2904 -82.3216 26
99.9349 -30.8971 27
-100.809 36.4063 28
-59.7974 -89.5805 29
44.1235 -98.6135 30
100.339 43.7808 31
-19.9414 117.277 32
-104.74799999999999 58.4956 33
59.4429 -108.37299999999999 34
98.5251 79.363 35
-55.7959 -114.363 36
1.38229 128.315 37
19.6014 -129.33700000000002 38
95.2788 -93.1838 39
-122.375 52.8356 40
112.353 78.4957 41
133.296 37.5349 42
-126.584 -73.5461 43
-143.903 -29.029 44
-75.5811 129.252 45
-54.9867 -139.429 46
-146.002 -45.4936 47
-143.665 54.4039 48
139.29 65.5426 49
-28.0885 154.28799999999998 50
-88.40100000000001 130.369 51
-81.5812 -136.469 52
73.5605 141.505 53
134.814 -86.384 54
156.38 37.0217 55
146.584 -68.0438 56
-72.1002 -144.809 57
-85.1331 -137.993 58
117.686 -114.39200000000001 59
-161.63 -29.1164 60
-153.908 58.8944 61
146.563 -79.7231 62
151.911 72.9819 63
-131.357 -106.838 64
60.9222 -161.358 65
39.5763 -167.97 66
93.0417 145.86 67
-126.42299999999999 -119.147 68
-8.55795 -174.476 69
-136.45600000000002 109.58200000000001 70
148.553 97.1419 71
26.3425 175.734 72
-71.0689 -165.55900000000003 73
-14.5842 -179.984 74
-150.27200000000002 100.488 75
-159.17700000000002 87.0764 76
161.607 -84.8218 77
-115.11399999999999 147.576 78
186.044 -29.1137 79
147.343 -117.446 80
-4.04598 189.273 81
-21.2313 189.113 82
-186.25599999999997 -40.2511 83
171.977 -82.6922 84
-185.91099999999997 50.1101 85
-53.3634 185.99 86
-193.57 -4.39208 87
-171.845 90.4745 88
-178.285 -84.0376 89
26.0287 195.84 90
181.768 79.5938 91
-102.214 171.25099999999998 92
141.98 -140.067 93
-126.72 154.911 94
6.13194 200.329 95
12.0926 200.671 96
193.127 -62.3094 97
-166.898 -117.99 98
-118.42 166.804 99
94.4165 181.642 100
13.3598 -204.601 101
5.12397 -205.611 102
-205.171 -14.8373 103
2.93595 -205.755 104
-121.64200000000001 166.46400000000003 105
181.78 102.15700000000001 106
-170.683 119.91799999999999 107
200.389 62.2364 108
74.7123 -196.229 109
5.3659 210.03799999999998 110
-13.099 210.69400000000002 111
-154.766 -145.066 112
157.72 143.938 113
91.0902 194.051 114
61.5895 -206.579 115
-215.93 -0.8619879999999999 116
197.49200000000002 -92.5056 117
-140.475 -168.167 118
10.3458 -219.459 119
1.8011400000000002 -222.229 120
206.175 -86.4804 121
190.482 117.51899999999999 122
180.632 -133.641 123
-225.143 -12.5692 124
126.214 187.325 125
226.084 4.96443 126
-120.934 193.104 127
-227.865 -8.01758 128
123.139 -193.09 129
59.4718 221.497 130
-208.30599999999998 100.65 131
111.61 207.343 132
-212.703 -103.01899999999999 133
-153.322 -180.67700000000002 134
-207.582 -114.986 135
84.2066 222.326 136
-40.2358 236.804 137
73.1526 228.976 138
-240.63299999999998 -21.5641 139
141.909 197.58599999999998 140
105.814 219.31599999999997 141
55.4758 238.257 142
-192.34900000000002 152.673 143
-228.963 90.5454 144
1.03031 247.293 145
-94.6303 -229.822 146
-234.044 89.7485 147
-29.9959 -248.92700000000002 148
158.644 197.705 149
231.946 -102.87200000000001 150
-144.769 208.639 151
-155.66 -202.50099999999998 152
34.5341 253.093 153
138.42600000000002 -217.90400000000002 154
68.1088 -251.865 155
-181.363 -188.239 156
190.794 -181.429 157
-231.74200000000002 -126.885 158
-19.5525 -263.601 159
185.458 -191.048 160
194.643 182.50799999999998 161
-267.892 -7.50334 162
22.9886 267.77299999999997 163
-124.575 238.203 164
-38.695 -266.347 165
-147.66299999999998 -225.24400000000003 166
132.04399999999998 -235.82 167
-222.602 -154.88299999999998 168
44.2872 -268.39099999999996 169
165.58700000000002 218.649 170
-176.545 211.28799999999998 171
-220.74 165.56 172
-111.22399999999999 254.003 173
-212.998 -181.35 174
-179.018 -215.54 175
-59.1661 -274.224 176
-231.11700000000002 -159.655 177
232.206 158.864 178
280.37 23.9738 179
145.061 -241.86 180
202.35 -197.22099999999998 181
-266.43 97.88 182
226.699 -171.895 183
-76.4225 274.231 184
13.6057 -284.495 185
-195.42 207.263 186
-276.671 -70.2416 187
-280.28 64.5602 188
-2.32022 -287.66 189
287.67900000000003 -13.5316 190
288.655 12.8547 191
-129.41299999999998 -259.399 192
272.368 -105.715 193
-26.2489 291.45799999999997 194
288.513 50.033 195
-26.8363 -292.449 196
130.75 263.879 197
-31.524 293.175 198
287.199 68.5037 199
293.976 -35.8873 200
98.3049 279.85200000000003 201
190.06099999999998 -228.815 202
-294.251 44.056999999999995 203
297.236 -23.5023 204
-232.918 -187.14 205
32.8253 297.42900000000003 206
21.5438 298.566 207
-288.02 85.9933 208
-177.03599999999997 243.21099999999998 209
173.88099999999997 247.24400000000003 210
41.6144 300.053 211
66.7263 -296.23900000000003 212
-181.84599999999998 -243.92700000000002 213
-26.9256 303.529 214
205.52900000000002 225.98 215
-241.49599999999998 187.18200000000002 216
-128.70600000000002 -279.048 217
297.914 75.5462 218
30.5967 -307.475 219
39.7529 306.78700000000003 220
279.933 -131.805 221
59.3128 -304.469 222
-94.831 -297.783 223
1.80854 -313.035 224
-187.362 252.19400000000002 225
-68.7938 -306.757 226
-283.85 135.731 227
253.979 185.89700000000002 228
311.122 52.3937 229
-66.4033 -308.721 230
-6.89618 -316.545 231
-119.134 -293.409 232
-179.701 261.363 233
276.064 -156.186 234
-314.77 42.3026 235
294.53 119.89 236
-294.758 -119.57 237
-108.323 -300.465 238
-135.41899999999998 -289.616 239
-269.43 -172.574 240
-119.27799999999999 298.797 241
-266.993 -179.62 242
311.25 84.4793 243
-317.408 -59.2891 244
-129.149 296.562 245
-299.025 -127.899 246
-221.267 -238.53799999999998 247
122.36399999999999 -302.745 248
-301.9 -124.931 249
249.72299999999998 -211.396 250
106.73 -313.08099999999996 251
-137.65200000000002 301.46299999999997 252
-286.697 -167.21599999999998 253
-333.019 -5.5774300000000006 254
328.281 -58.6383 255
313.269 -114.62100000000001 256
-207.477 -261.725 257
150.108 300.248 258
126.48899999999999 -311.093 259
334.715 -32.9025 260
270.955 204.525 261
308.166 142.688 262
57.4509 -335.755 263
140.582 -312.01 264
249.804 -233.93 265
65.7042 -336.33 266
298.918 173.43 267
345.037 -19.483 268
-310.593 152.764 269
-261.431 -231.71900000000002 270
155.819 313.347 271
-233.915 260.811 272
289.565 -197.59 273
266.921 228.49099999999999 274
149.934 -317.829 275
259.988 236.771 276
328.319 128.515 277
-318.863 -151.188 278
-353.241 -7.229 279
352.199 30.6689 280
183.17700000000002 -302.769 281
283.411 212.34 282
184.648 -303.092 283
339.185 124.561 284
-131.725 336.645 285
-262.17900000000003 -251.05200000000002 286
-234.102 -281.323 287
-84.4926 356.289 288
357.00699999999995 -81.4095 289
-359.769 -69.90100000000001 290
-135.105 341.26599999999996 291
326.802 -173.785 292
-81.3304 -361.602 293
-365.57300000000004 62.1351 294
-350.865 -121.385 295
83.5563 -361.95099999999996 296
-267.745 -258.226 297
355.733 115.338 298
258.54 272.041 299
-280.078 250.34 300
-228.06099999999998 299.366 301
-314.363 -207.449 302
-369.871 -72.0009 303
180.252 -332.579 304
378.539 15.2716 305
370.37800000000004 81.797 306
-71.7898 373.54 307
-132.187 -357.036 308
-374.026 75.7068 309
33.027 -381.224 310
368.87699999999995 -106.985 311
221.02 -314.914 312
-365.939 -119.618 313
-201.477 -328.095 314
-338.17900000000003 184.26 315
181.583 339.876 316
-377.35 88.0362 317
-20.9296 -387.311 318
269.421 279.387 319
381.445 -74.0111 320
150.6 359.07 321
-388.44300000000004 -49.9485 322
-389.67199999999997 41.9214 323
-331.658 -209.572 324
261.22 -292.932 325
-161.727 -357.733 326
148.02100000000002 365.001 327
36.7902 392.33099999999996 328
65.8745 389.214 329
343.25199999999995 195.041 330
-391.19 -56.2321 331
53.876999999999995 -392.02 332
-395.463 17.0859 333
302.777 257.192 334
-28.619 -396.952 335
78.6202 390.251 336
-393.39300000000003 -61.6361 337
-379.47 -122.845 338
-54.8672 395.374 339
-246.81 315.181 340
-10.7848 400.42199999999997 341
-384.99199999999996 112.959 342
72.3312 -396.342 343
367.119 166.14 344
-365.083 -172.615 345
-211.541 344.034 346
274.356 296.874 347
-23.2611 -403.56800000000004 348
402.94599999999997 -36.1974 349
-55.9161 401.2 350
-404.69699999999995 -24.2674 351
-372.611 -161.358 352
-183.61599999999999 362.87699999999995 353
-108.329 392.19599999999997 354
-137.497 -383.724 355
400.936 74.5941 356
-224.78900000000002 -340.42699999999996 357
-100.75 396.514 358
355.903 201.97799999999998 359
-266.453 312.44 360
-20.4569 -411.42800000000005 361
-373.61400000000003 -174.44099999999997 362
75.6651 -405.912 363
-226.06599999999997 345.561 364
351.426 217.037 365
75.7989 -406.957 366
89.9849 -404.515 367
57.6904 -410.389 368
-86.7131 406.665 369
392.49300000000005 -141.609 370
-3.42748 417.941 371
68.1097 412.523 372
333.341 253.06599999999997 373
414.084 -63.8839 374
-416.66900000000004 -45.3603 375
419.532 -39.9585 376
296.145 -302.017 377
247.847 -343.017 378
-360.36300000000006 222.454 379
81.7345 415.861 380
-422.336 -40.1951 381
-228.87400000000002 -357.588 382
371.62199999999996 -205.766 383
-35.7979 -424.088 384
-234.90200000000002 355.17 385
-320.605 280.403 386
-42.4707 424.091 387
-402.86300000000006 139.334 388
-416.06199999999995 93.0469 389
417.879 91.9888 390
339.36400000000003 -261.442 391
15.7104 -428.249 392
396.281 -163.467 393
256.316 -343.772 394
385.531 -189.158 395
265.996 -337.36 396
303.397 304.168 397
266.795 337.05199999999996 398
198.00900000000001 381.712 399
355.41900000000004 -246.013 400
-154.09 -404.255 401
-63.1281 428.783 402
344.336 263.47700000000003 403
376.602 215.354 404
-25.1562 -433.19599999999997 405
84.0775 426.035 406
-350.69699999999995 256.908 407
-162.764 -403.209 408
-417.223 -122.566 409
-384.11199999999997 204.804 410
392.13 193.072 411
92.1349 427.295 412
-429.603 84.9691 413
127.135 419.486 414
-142.125 415.722 415
-361.483 250.127 416
271.853 -345.814 417
-369.94300000000004 238.18400000000003 418
-440.88599999999997 -12.7414 419
-390.285 -206.071 420
-435.577 78.1829 421
-438.79699999999997 -58.9134 422
420.24699999999996 -141.884 423
-440.504 54.563 424
-443.917 21.3993 425
-208.422 392.79400000000004 426
413.535 -164.37099999999998 427
-166.22 -413.11800000000005 428
439.773 -72.346 429
-333.36 -296.95799999999997 430
232.53099999999998 -381.199 431
412.884 -171.135 432
284.22700000000003 -345.06 433
400.991 198.873 434
385.379 -228.141 435
-436.82300000000004 99.5213 436
-419.31199999999995 -161.66299999999998 437
294.095 -340.043 438
-431.635 125.79899999999999 439
-230.97400000000002 386.046 440
-449.12300000000005 38.9382 441
126.541 -434.334 442
361.55699999999996 -273.156 443
-371.477 -260.782 444
-437.98 -119.66 445
220.52200000000002 398.691 446
-333.73 -310.97 447
453.652 60.8037 448
-386.425 -246.975 449
60.6208 -455.283 450
-457.61699999999996 39.6876 451
-142.404 -438.006 452
225.78400000000002 401.675 453
-460.579 23.4974 454
363.52 284.721 455
457.287 70.2011 456
457.741 70.4146 457
419.13199999999995 -198.62900000000002 458
246.63299999999998 -392.871 459
407.5 -222.803 460
-401.75300000000004 -233.91400000000002 461
371.431 -279.928 462
441.608 -151.608 463
-460.116 -88.8942 464
329.52099999999996 -335.533 465
-451.55400000000003 -131.404 466
-442.175 -161.187 467
-467.611 53.75899999999999 468
93.6482 461.38300000000004 469
48.5605 -468.334 470
321.085 344.74199999999996 471
81.5803 -464.084 472
-470.77 -20.4071 473
-349.74800000000005 315.846 474
-376.778 -284.276 475
30.781999999999996 -471.086 476
376.735 284.715 477
-269.892 387.49699999999996 478
365.119 299.507 479
-435.51 184.638 480
-229.921 -413.474 481
-237.574 410.004 482
474.37199999999996 21.4271 483
-303.939 -364.92800000000005 484
-227.146 -417.37699999999995 485
-471.195 64.4915 486
450.63199999999995 152.115 487
462.125 112.671 488
450.167 -155.07 489
477.151 24.2293 490
-45.2542 -475.73800000000006 491
396.899 -266.847 492
463.06699999999995 122.925 493
463.713 -123.618 494
-341.959 337.655 495
-473.86699999999996 83.2781 496
-292.93 381.686 497
-291.98 382.42 498
417.24699999999996 -239.794 499
-276.461 -394.522 500
230.417 -424.954 501
391.675 -283.426 502
-479.556 -61.37 503
-64.3988 479.49199999999996 504
-474.04699999999997 102.635 505
-68.6228 -481.034 506
471.05 -124.602 507
479.26099999999997 100.59200000000001 508
298.42 -389.13 509
82.4106 483.61199999999997 510
484.124 84.8265 511
214.166 442.925 512
490.705 38.4208 513
-81.8533 -485.42 514
-97.1231 482.63300000000004 515
-249.548 424.983 516
-488.65 70.9547 517
329.00300000000004 369.082 518
494.722 -20.4576 519
494.356 -38.1804 520
-345.889 355.86400000000003 521
-151.319 -473.333 522
-359.81800000000004 -343.376 523
-495.376 -53.5626 524
-214.533 450.783 525
-457.343 -201.528 526
344.97900000000004 361.75 527
-461.925 191.41099999999997 528
294.92 -404.014 529
-2.0954 500.3 530
240.158 -438.98199999999997 531
-326.164 380.431 532
49.0066 502.88199999999995 533
-408.98900000000003 297.069 534
-457.88199999999995 215.23 535
-489.93199999999996 -128.57299999999998 536
59.5163 504.48199999999997 537
-61.0504 -505.25199999999995 538
59.0495 505.715 539
-472.611 190.85299999999998 540
247.153 446.152 541
88.6274 -502.36800000000005 542
-390.216 328.968 543
-511.545 -17.512999999999998 544
461.977 221.293 545
178.275 480.418 546
462.597 220.773 547
-258.20099999999996 -444.228 548
445.425 256.62 549
-452.218 247.83700000000002 550
-498.139 136.955 551
259.738 -446.725 552
-195.937 -478.749 553
-355.949 376.56699999999995 554
435.92699999999996 -280.369 555
-2.97111 -519.153 556
-180.024 486.99300000000005 557
512.75 -84.06200000000001 558
-32.4742 -519.118 559
463.389 -236.67700000000002 560
379.716 356.50699999999995 561
58.9171 517.594 562
520.2869999999999 42.8134 563
-121.766 507.76099999999997 564
-488.532 -186.583 565
-455.35900000000004 -257.403 566
308.047 424.17199999999997 567
381.056 360.44800000000004 568
-513.89 -111.757 569
211.68400000000003 -481.75300000000004 570
423.18 314.124 571
523.237 -64.6362 572
-480.39 218.326 573
263.868 -458.12199999999996 574
248.65599999999998 468.00699999999995 575
499.01 -179.69799999999998 576
-426.2 316.43 577
11.9408 531.326 578
10.532 531.573 579
-3.93024 532.505 580
-531.92 29.9529 581
372.86199999999997 380.61800000000005 582
-36.1486 531.612 583
-483.14 -225.889 584
68.6038 -529.168 585
232.889 480.80199999999996 586
-10.6394 -534.492 587
-30.6646 -533.85 588
536.113 11.7148 589
521.842 126.604 590
508.625 176.132 591
388.921 -372.73699999999997 592
471.515 -260.527 593
-316.834 -436.022 594
-508.131 180.62 595
418.918 340.036 596
204.347 -500.12800000000004 597
-513.8380000000001 -167.043 598
-374.14099999999996 -390.517 599
-58.3637 538.1030000000001 600
-242.408 484.001 601
-117.99700000000001 529.803 602
-399.837 -367.895 603
399.18300000000005 -368.64099999999996 604
481.439 251.99400000000003 605
-491.225 -232.83700000000002 606
421.941 343.401 607
321.469 441.361 608
-29.0321 -545.351 609
-546.2180000000001 12.6329 610
538.118 -97.2777 611
548.023 11.5868 612
-457.667 -301.863 613
-15.753 548.438 614
-137.342 -531.774 615
-163.059 524.997 616
112.82799999999999 -538.224 617
549.423 39.1691 618
-353.88800000000003 422.24 619
-314.32 453.60400000000004 620
511.69800000000004 -207.33 621
436.899 337.666 622
-395.64 385.495 623
-302.356 462.356 624
531.265 151.875 625
169.71400000000003 -526.5169999999999 626
463.39 -302.57 627
-542.053 112.055 628
553.609 6.08689 629
-458.746 -314.887 630
-114.09700000000001 545.39 631
204.477 -518.518 632
503.663 -239.952 633
-471.056 -300.58099999999996 634
-510.635 229.512 635
539.488 149.688 636
-512.966 224.37 637
-112.258 -548.677 638
218.52 515.76 639
-545.864 -126.134 640
413.853 377.68199999999996 641
-555.616 -72.7984 642
-353.21 -436.147 643
-67.624 557.186 644
-514.956 225.08900000000003 645
371.9 -421.94800000000004 646
225.017 -516.781 647
285.943 485.926 648
72.1314 -559.872 649
560.2180000000001 71.5941 650
-167.372 539.632 651
508.241 247.01 652
547.7180000000001 144.066 653
-481.87300000000005 298.19 654
-561.566 -78.0621 655
351.798 445.86199999999997 656
550.253 -143.398 657
334.56 460.006 658
-448.952 -349.28 659
348.42 -450.22 660
129.951 -554.401 661
318.008 472.411 662
544.696 -166.86 663
-569.74 12.2413 664
564.822 -75.7984 665
150.42 549.845 666
-488.684 -293.836 667
202.753 -533.307 668
232.593 521.2080000000001 669
-540.446 184.537 670
522.144 231.355 671
35.9794 -570.466 672
-554.763 137.765 673
297.79200000000003 -488.30300000000005 674
316.45099999999996 476.56699999999995 675
554.975 141.143 676
-473.036 -322.785 677
499.108 -281.849 678
552.557 152.618 679
-560.638 -119.98 680
-554.099 -149.086 681
-555.552 144.819 682
-172.77900000000002 547.525 683
-500.98900000000003 -281.46299999999997 684
-370.42 -440.00300000000004 685
-574.57 -45.9266 686
-329.86699999999996 472.82800000000003 687
525.1619999999999 -237.873 688
135.80200000000002 560.535 689
193.99200000000002 543.23 690
390.99 -424.79 691
-42.9681 -576.969 692
-570.496 -98.3574 693
394.352 424.00199999999995 694
-370.94300000000004 447.978 695
-37.0626 -580.857 696
168.007 557.39 697
488.151 -317.939 698
319.85900000000004 -486.907 699
105.223 -573.822 700
-338.514 475.415 701
-558.877 168.699 702
-538.368 -226.458 703
-581.216 61.8636 704
-494.939 311.93 705
-285.566 -511.12800000000004 706
-542.308 -221.71400000000003 707
515.615 -279.77099999999996 708
488.43199999999996 -325.124 709
193.782 -554.1990000000001 710
-539.673 -231.56900000000002 711
375.583 452.952 712
293.33299999999997 -510.291 713
-495.67 -317.438 714
191.52900000000002 -556.637 715
94.9945 581.46 716
540.3240000000001 237.365 717
210.949 -551.255 718
252.826 -533.394 719
589.9169999999999 42.6411 720
-57.1952 589.331 721
-342.28 483.259 722
-579.077 -126.17299999999999 723
144.319 -575.014 724
-582.513 -110.329 725
578.361 -131.713 726
-501.02 -318.007 727
120.697 581.077 728
226.033 548.868 729
193.19299999999998 -561.94 730
541.427 245.935 731
-197.78400000000002 560.855 732
-419.346 -422.116 733
512.316 -303.065 734
77.9933 590.127 735
-487.67 -342.11400000000003 736
577.086 147.92 737
-72.2889 -591.624 738
490.375 341.80300000000005 739
-197.666 564.826 740
-266.407 535.859 741
401.06699999999995 -444.727 742
-46.6593 -598.399 743
530.399 281.093 744
-582.979 146.188 745
-588.845 -124.929 746
-571.7769999999999 192.248 747
-436.181 -418.1 748
-559.4780000000001 229.903 749
112.29899999999999 -594.6 750
605.56 -11.5965 751
-543.556 269.966 752
92.0245 600.3330000000001 753
207.679 -570.899 754
276.879 541.248 755
-112.43700000000001 597.502 756
-462.597 -394.968 757
398.0 -461.32300000000004 758
165.71200000000002 586.491 759
608.339 37.3348 760
-186.968 -580.6759999999999 761
-384.57099999999997 -473.834 762
282.129 -541.385 763
-309.796 527.738 764
3.3774 -612.221 765
-323.096 -522.674 766
452.371 415.986 767
-13.4496 614.846 768
-604.5369999999999 -114.094 769
-521.568 -326.639 770
367.847 493.37199999999996 771
539.4 298.259 772
369.545 493.796 773
456.24699999999996 415.167 774
554.2 -271.39599999999996 775
-585.109 196.877 776
-337.666 -518.427 777
-334.79400000000004 -520.356 778
-611.724 -99.7637 779
-434.2 -442.545 780
-609.241 115.079 781
-185.40099999999998 591.8530000000001 782
393.99 480.57099999999997 783
502.916 -367.301 784
533.265 -322.51599999999996 785
-112.31 613.227 786
441.444 -440.833 787
-22.0975 -623.5980000000001 788
-617.001 96.0868 789
-615.616 -107.678 790
87.6629 -619.663 791
76.4928 621.729 792
-622.612 -71.2679 793
449.065 438.102 794
541.6519999999999 316.751 795
-458.274 -428.874 796
-55.0409 -625.293 797
372.965 -505.18300000000005 798
-110.11200000000001 618.535 799
377.96 -502.043 800
-623.521 -78.4109 801
571.393 -261.731 802
581.881 238.002 803
-468.306 -419.80699999999996 804
185.861 601.1030000000001 805
-251.097 -576.942 806
-414.901 473.48400000000004 807
339.51 -530.222 808
613.187 142.975 809
601.0740000000001 -189.59599999999998 810
488.93800000000005 -398.214 811
471.44199999999995 -419.278 812
-124.26899999999999 618.5830000000001 813
627.319 -69.4807 814
225.832 592.1619999999999 815
454.9 -441.902 816
627.759 -95.6157 817
-632.002 62.4065 818
457.94699999999995 440.10699999999997 819
-395.379 497.469 820
-308.569 555.813 821
-396.51099999999997 -496.93 822
110.55799999999999 -626.518 823
-106.00200000000001 -627.47 824
191.09799999999998 607.391 825
173.77599999999998 613.114 826
408.17199999999997 -489.689 827
455.096 447.023 828
592.428 239.43400000000003 829
566.433 296.107 830
278.006 576.4730000000001 831
608.034 200.21099999999998 832
165.574 -618.694 833
107.36 631.7819999999999 834
306.077 564.451 835
578.5980000000001 279.768 836
615.942 183.80900000000003 837
576.637 284.31 838
632.121 -117.397 839
-633.62 -109.351 840
-521.423 -376.699 841
517.763 -382.42699999999996 842
-64.8232 -640.445 843
-617.131 184.234 844
450.32800000000003 -462.066 845
497.777 410.69199999999995 846
641.131 -84.8774 847
-135.44 633.133 848
-38.1349 646.393 849
649.548 18.1067 850
-31.6939 -649.069 851
-648.141 -52.9188 852
111.80799999999999 641.881 853
-542.607 -361.398 854
-369.598 537.371 855
-421.806 -498.033 856
-183.61 -627.279 857
-219.72400000000002 -615.982 858
300.777 -580.8340000000001 859
-497.759 424.351 860
373.662 537.668 861
-324.972 569.882 862
479.75199999999995 447.986 863
326.998 569.408 864
-393.876 -525.84 865
354.77099999999996 -553.492 866
-236.69400000000002 613.6990000000001 867
236.34599999999998 -615.22 868
-659.414 -24.4355 869
-346.59 561.77 870
-582.5 -312.334 871
231.597 619.563 872
-537.313 -386.916 873
-98.8473 656.285 874
597.489 -289.547 875
-516.826 417.284 876
-581.4069999999999 321.881 877
-636.622 191.893 878
-13.2286 -665.372 879
216.77900000000002 629.498 880
-582.525 322.901 881
88.18 660.196 882
-164.91 645.341 883
327.052 580.55 884
386.709 543.1669999999999 885
-546.536 -381.974 886
247.648 -619.649 887
-506.962 -433.92199999999997 888
-333.277 578.401 889
664.5110000000001 -65.3821 890
106.37899999999999 660.0830000000001 891
507.77099999999996 435.625 892
-513.302 429.184 893
667.63 -51.1529 894
598.716 -300.121 895
499.565 -446.42400000000004 896
-316.623 590.51 897
-346.365 573.88 898
-264.75 616.9730000000001 899
663.547 103.988 900
549.578 -386.51099999999997 901
-334.414 -582.891 902
602.687 -299.853 903
-132.75799999999998 660.2289999999999 904
-69.2413 670.03 905
178.18099999999998 -649.8969999999999 906
625.57 -250.782 907
388.846 -550.754 908
-596.24 314.908 909
-216.166 -639.115 910
674.4939999999999 30.8856 911
-640.534 -214.067 912
675.15 -20.3593 913
-40.582 674.3689999999999 914
-307.24 601.935 915
-420.66 529.222 916
139.813 -661.743 917
-76.8045 -672.206 918
-640.969 -217.14 919
54.4231 -674.66 920
-214.648 -642.089 921
-97.2551 -670.171 922
42.1996 676.791 923
109.932 -669.2610000000001 924
-490.852 -469.17900000000003 925
280.048 -619.269 926
-326.819 595.9780000000001 927
-543.471 408.361 928
-643.102 221.768 929
609.174 303.631 930
-479.926 483.212 931
169.458 660.383 932
-22.7779 -681.551 933
-50.8627 -680.238 934
629.613 262.687 935
67.107 678.9760000000001 936
633.061 255.15 937
180.618 658.507 938
-410.82099999999997 545.9 939
-653.705 200.173 940
537.977 -422.515 941
-672.428 -128.496 942
501.43699999999995 -466.17 943
-72.8537 -681.2539999999999 944
612.51 307.381 945
-60.9923 682.6260000000001 946
-623.964 283.79400000000004 947
-643.7090000000001 -236.403 948
29.7159 -685.393 949
-679.743 92.9358 950
-294.139 620.361 951
324.622 605.136 952
-686.7710000000001 6.98733 953
-58.9161 684.441 954
520.923 -448.26300000000003 955
-516.957 453.17400000000004 956
674.944 132.839 957
-518.4259999999999 452.157 958
-611.363 -318.561 959
-242.898 645.888 960
-562.4259999999999 400.858 961
-435.81300000000005 536.418 962
317.66900000000004 -613.925 963
-285.42900000000003 629.8 964
691.553 -19.6328 965
569.8 -393.94599999999997 966
-435.25699999999995 540.259 967
-435.705 -540.24 968
-305.441 -623.244 969
-110.785 685.2639999999999 970
-193.22799999999998 667.091 971
-678.685 154.13299999999998 972
353.879 -599.39 973
1.01611 -696.323 974
-582.775 383.04 975
646.045 -266.546 976
642.508 275.108 977
690.605 107.625 978
659.341 232.49099999999999 979
667.2760000000001 209.04 980
-697.064 -56.4236 981
-675.262 182.261 982
243.21099999999998 -656.002 983
-467.28 520.8530000000001 984
-501.79699999999997 -489.233 985
697.3910000000001 76.3776 986
564.099 417.921 987
-110.34 -693.515 988
-435.811 551.086 989
383.495 -588.86 990
701.7869999999999 -37.2687 991
-86.7904 -697.577 992
-683.567 -165.245 993
-122.87100000000001 -692.4910000000001 994
-218.111 -669.25 995
-627.385 -319.752 996
571.096 -412.654 997
-704.913 -0.639792 998
642.383 -291.3 999
567.839 419.151 1000
706.078 7.898960000000001 1001
697.324 111.134 1002
-657.862 -257.21299999999997 1003
52.2686 704.543 1004
-648.984 -280.182 1005
591.613 388.589 1006
-661.195 -252.69 1007
-631.001 -321.329 1008
-54.3668 706.322 1009
-403.292 583.112 1010
160.045 -690.8430000000001 1011
-696.672 133.109 1012
-650.107 -284.063 1013
463.685 537.002 1014
-702.966 -100.62899999999999 1015
-683.252 194.282 1016
540.5980000000001 -462.00699999999995 1017
-211.891 -679.337 1018
-576.198 -418.269 1019
-74.7112 709.556 1020
-490.597 -518.096 1021
-201.558 685.584 1022
647.59 -302.591 1023
147.569 -699.4889999999999 1024
-704.171 124.39 1025
-639.437 320.647 1026
108.79899999999999 -707.831 1027
-191.488 -690.07 1028
686.185 205.245 1029
715.2330000000001 41.413999999999994 1030
-34.4017 715.618 1031
-641.327 319.41 1032
-256.374 -669.2080000000001 1033
-530.004 -483.24199999999996 1034
-694.525 179.731 1035
-481.151 -532.2080000000001 1036
89.2885 712.291 1037
573.534 -432.039 1038
645.22 -315.263 1039
-277.981 662.346 1040
-255.03599999999997 -671.895 1041
-286.802 659.1110000000001 1042
644.607 319.282 1043
-316.665 -646.318 1044
-218.692 -685.925 1045
539.308 -477.05699999999996 1046
-319.938 -645.2869999999999 1047
-479.778 -537.374 1048
-575.177 433.849 1049
281.751 663.66 1050
376.62699999999995 -614.804 1051
-634.4680000000001 343.402 1052
606.813 391.171 1053
721.58 -29.693 1054
177.41 700.4960000000001 1055
325.605 645.154 1056
375.085 618.535 1057
131.58 712.52 1058
316.78700000000003 651.6709999999999 1059
-679.1389999999999 255.295 1060
565.28 -455.07800000000003 1061
-455.50699999999995 564.9590000000001 1062
605.832 400.254 1063
233.438 -687.753 1064
-151.822 -711.0160000000001 1065
-184.083 703.453 1066
-307.911 659.45 1067
157.661 710.584 1068
155.458 -711.431 1069
526.646 -502.97900000000004 1070
-358.173 635.512 1071
729.893 -1.28904 1072
354.151 -638.235 1073
-166.146 710.836 1074
-604.626 409.773 1075
361.463 -634.987 1076
667.6439999999999 -297.652 1077
260.04200000000003 -683.8539999999999 1078
-155.349 715.003 1079
731.933 -26.0233 1080
-696.115 -227.828 1081
-593.384 429.403 1082
144.487 -718.2919999999999 1083
-0.35235500000000003 732.8 1084
-302.737 667.3969999999999 1085
395.577 -617.661 1086
-577.722 -452.702 1087
397.63699999999994 -617.712 1088
-735.431 -4.56263 1089
-431.595 595.826 1090
-419.381 604.641 1091
-450.642 582.25 1092
-735.9830000000001 30.0937 1093
692.363 251.828 1094
393.681 623.057 1095
84.0829 732.297 1096
736.7260000000001 -35.7462 1097
-580.143 456.222 1098
661.534 -327.471 1099
-2.33003 739.335 1100
-622.201 -399.779 1101
-725.555 144.433 1102
670.789 312.323 1103
282.39099999999996 -684.466 1104
-434.69699999999995 599.488 1105
-648.305 -359.04400000000004 1106
-407.00699999999995 619.78 1107
162.122 723.655 1108
66.113 -738.793 1109
380.876 637.557 1110
-694.842 265.753 1111
542.599 -509.1 1112
614.851 -419.407 1113
713.518 -213.025 1114
-581.143 466.286 1115
-372.825 -645.144 1116
-690.3810000000001 281.474 1117
629.873 -399.06800000000004 1118
-740.752 90.1923 1119
-635.696 -391.251 1120
-233.321 709.4810000000001 1121
169.706 727.935 1122
667.791 -336.404 1123
-743.7919999999999 -80.6541 1124
218.929 -716.2180000000001 1125
746.284 -64.1664 1126
735.743 144.667 1127
551.475 509.106 1128
-253.09799999999998 707.24 1129
532.783 529.6 1130
-469.639 586.38 1131
292.031 -692.93 1132
607.663 -443.30400000000003 1133
-711.238 245.37 1134
-32.3242 -751.785 1135
459.735 -596.091 1136
-171.49099999999999 733.115 1137
-646.466 -387.26300000000003 1138
-722.682 -213.877 1139
-447.894 606.1469999999999 1140
173.63299999999998 734.0110000000001 1141
208.68099999999998 -725.043 1142
-658.707 368.015 1143
-751.541 72.4082 1144
-496.741 -568.974 1145
-376.71 -655.697 1146
-488.39599999999996 -578.122 1147
272.416 706.568 1148
725.0269999999999 -218.89 1149
64.4357 -755.745 1150
-212.291 728.2189999999999 1151
639.332 -408.491 1152
-190.50900000000001 -734.471 1153
279.043 -705.625 1154
736.378 -183.74400000000003 1155
-533.592 539.8919999999999 1156
-278.334 706.4110000000001 1157
-722.533 236.175 1158
693.7810000000001 -312.499 1159
102.2 -754.618 1160
-762.695 -4.085719999999999 1161
746.664 -157.222 1162
744.653 167.185 1163
642.069 -413.55300000000005 1164
-374.358 -666.434 1165
-132.659 -753.064 1166
-514.604 -565.757 1167
-638.947 420.93199999999996 1168
201.861 -738.1080000000001 1169
-286.38599999999997 -709.9739999999999 1170
-194.956 -740.7310000000001 1171
-424.353 638.2919999999999 1172
-466.74 608.165 1173
496.994 584.063 1174
765.5039999999999 47.5015 1175
564.786 -519.023 1176
-562.133 521.936 1177
-88.5537 -762.4010000000001 1178
63.8607 -764.91 1179
-765.177 -64.008 1180
219.188 736.4989999999999 1181
-729.8969999999999 -240.327 1182
562.257 -523.814 1183
318.22900000000004 700.133 1184
458.6 617.742 1185
236.613 -732.684 1186
-596.366 -487.283 1187
715.0889999999999 -286.427 1188
748.904 180.919 1189
97.1988 -764.556 1190
263.978 -724.102 1191
-159.029 754.2460000000001 1192
-26.3928 770.444 1193
770.6189999999999 -24.5008 1194
81.1839 -766.942 1195
572.131 517.303 1196
643.399 -426.755 1197
-431.129 640.915 1198
472.371 -611.196 1199
-330.084 698.9760000000001 1200
-189.572 749.758 1201
-538.855 554.884 1202
-257.733 -729.365 1203
-685.582 -359.481 1204
-594.06 -497.065 1205
731.145 -256.79200000000003 1206
380.286 -675.3380000000001 1207
-705.556 322.543 1208
-659.541 -410.44199999999995 1209
415.843 -656.622 1210
-624.09 463.79 1211
-534.2230000000001 564.979 1212
266.639 730.6010000000001 1213
566.732 -532.774 1214
-129.593 -767.193 1215
501.798 594.687 1216
-376.11 -681.175 1217
-530.845 569.947 1218
36.772 779.4680000000001 1219
780.335 19.5545 1220
-168.261 762.323 1221
291.027 -725.4169999999999 1222
-99.4777 775.3910000000001 1223
-238.18900000000002 -744.689 1224
-666.5319999999999 409.07099999999997 1225
-667.712 -407.402 1226
-731.107 278.30400000000003 1227
186.343 760.477 1228
-370.272 -690.028 1229
708.757 333.722 1230
-701.669 -349.001 1231
-783.2230000000001 -31.1073 1232
401.75 -673.6619999999999 1233
663.9789999999999 -418.851 1234
-187.953 -762.941 1235
679.755 394.191 1236
-701.6210000000001 -353.915 1237
-143.60399999999998 772.7719999999999 1238
270.89599999999996 -738.0830000000001 1239
-130.719 -775.9780000000001 1240
-528.818 583.094 1241
-632.518 -468.914 1242
691.18 -377.586 1243
709.8330000000001 -341.569 1244
-619.047 487.494 1245
-697.2819999999999 -367.38 1246
788.122 15.3417 1247
-36.1324 -787.842 1248
597.717 517.247 1249
458.18699999999995 -644.388 1250
340.18300000000005 713.8480000000001 1251
124.306 782.431 1252
751.39 -251.804 1253
591.748 -527.145 1254
-601.505 -516.138 1255
3.5995699999999995 -792.762 1256
266.822 746.7739999999999 1257
272.763 744.8660000000001 1258
-501.814 614.4580000000001 1259
-249.769 752.998 1260
-587.472 533.362 1261
792.9680000000001 37.7913 1262
621.88 -493.478 1263
5.60136 -793.913 1264
-787.309 102.975 1265
481.04699999999997 631.744 1266
357.59 709.5319999999999 1267
-542.42 -580.947 1268
195.62599999999998 -771.13 1269
746.1410000000001 -277.532 1270
699.9739999999999 380.965 1271
-745.6469999999999 -281.415 1272
-122.713 -787.4889999999999 1273
796.941 9.92908 1274
789.211 -115.47 1275
-648.27 465.099 1276
-690.597 400.407 1277
786.191 147.724 1278
568.097 563.2130000000001 1279
-349.31300000000005 720.02 1280
-132.851 789.5319999999999 1281
484.31199999999995 -638.376 1282
-682.904 419.68699999999995 1283
-780.503 183.8 1284
-72.0356 799.3589999999999 1285
309.265 -740.8510000000001 1286
-369.921 -713.19 1287
-768.278 -235.38299999999998 1288
-573.909 562.418 1289
797.18 -103.389 1290
330.119 -732.992 1291
739.4119999999999 -315.69 1292
-240.55200000000002 -767.3860000000001 1293
736.887 -322.173 1294
374.806 711.71 1295
-774.0319999999999 -219.793 1296
-451.191 -667.183 1297
-11.2387 -805.475 1298
-606.597 -530.5319999999999 1299
22.1731 805.712 1300
291.133 751.72 1301
-708.062 386.227 1302
444.519 673.6289999999999 1303
709.945 384.61 1304
-686.965 424.94300000000004 1305
764.921 259.66 1306
-289.23400000000004 -754.2819999999999 1307
796.7860000000001 137.79399999999998 1308
0.600433 -808.7189999999999 1309
-808.7510000000001 39.1679 1310
347.57300000000004 731.307 1311
734.28 -341.48900000000003 1312
726.808 -357.14300000000003 1313
475.83 656.2310000000001 1314
-807.946 66.3582 1315
-753.105 303.099 1316
-809.7860000000001 57.6672 1317
-389.449 712.554 1318
661.2339999999999 -471.399 1319
178.562 792.346 1320
215.83599999999998 783.803 1321
744.1419999999999 327.904 1322
-813.2460000000001 -14.9749 1323
-738.758 340.50800000000004 1324
744.928 -327.563 1325
-344.884 -737.41 1326
-611.895 537.46 1327
83.2188 810.191 1328
-662.645 -474.17699999999996 1329
-805.794 -122.605 1330
712.6339999999999 -395.764 1331
772.1080000000001 -262.991 1332
728.321 -367.764 1333
482.681 -658.2360000000001 1334
681.7689999999999 448.92800000000005 1335
-629.148 -520.501 1336
-744.78 -334.80400000000003 1337
-756.957 306.54200000000003 1338
-398.76300000000003 712.809 1339
816.883 6.05288 1340
94.5781 811.722 1341
-817.331 -7.26394 1342
-788.3710000000001 -217.257 1343
778.814 -251.424 1344
23.9112 818.1669999999999 1345
411.846 -707.3939999999999 1346
240.93200000000002 -782.34 1347
-528.658 -625.18 1348
-427.07199999999995 -698.618 1349
-11.9937 -818.727 1350
482.54699999999997 661.83 1351
-640.389 -511.63599999999997 1352
-149.214 806.8489999999999 1353
-805.346 158.884 1354
721.258 392.20099999999996 1355
462.34 -678.6510000000001 1356
-614.559 544.66 1357
467.335 -675.26 1358
-763.0889999999999 303.751 1359
-195.532 797.97 1360
-38.5667 -821.935 1361
-803.15 179.80599999999998 1362
402.19800000000004 -718.203 1363
-804.752 -173.171 1364
578.321 -586.797 1365
783.291 257.257 1366
807.944 167.021 1367
221.21099999999998 794.8589999999999 1368
473.45599999999996 676.08 1369
810.341 157.715 1370
-105.43799999999999 -818.834 1371
-734.936 -376.23699999999997 1372
636.837 525.762 1373
-716.6389999999999 -410.908 1374
-661.1010000000001 -495.55400000000003 1375
-603.548 565.32 1376
238.079 -792.14 1377
-790.2239999999999 244.48 1378
237.796 792.457 1379
-606.262 -563.39 1380
672.62 483.60699999999997 1381
497.95300000000003 662.309 1382
-81.322 -824.862 1383
825.27 80.5636 1384
735.919 383.01 1385
-547.399 623.495 1386
20.9421 -829.622 1387
380.45300000000003 737.582 1388
-134.172 -819.758 1389
-631.964 539.871 1390
309.366 771.475 1391
-587.04 588.486 1392
551.455 -623.214 1393
-785.4689999999999 -275.134 1394
594.413 582.66 1395
-280.697 784.317 1396
8.57602 833.067 1397
-824.4839999999999 -119.65100000000001 1398
-756.664 348.91 1399
-704.3580000000001 -446.004 1400
-777.3 -302.337 1401
-135.194 -823.0039999999999 1402
833.888 -18.136 1403
-490.71 674.7439999999999 1404
-189.683 812.552 1405
-814.0089999999999 185.67 1406
-789.551 -272.115 1407
-151.173 821.546 1408
799.1560000000001 244.355 1409
-675.252 -492.675 1410
-614.832 566.3430000000001 1411
-236.449 -801.826 1412
833.863 60.6698 1413
-251.58599999999998 797.99 1414
-583.823 599.879 1415
185.33 816.388 1416
80.4924 833.6560000000001 1417
-242.94099999999997 -802.768 1418
-728.3860000000001 -416.205 1419
166.44 -822.553 1420
182.40900000000002 819.304 1421
785.825 -299.309 1422
-506.356 -671.595 1423
821.327 182.912 1424
841.612 0.7067760000000001 1425
-588.2040000000001 -602.285 1426
830.0980000000001 141.201 1427
-420.26800000000003 -730.178 1428
838.309 84.7942 1429
-493.269 -683.2 1430
-121.398 -833.9069999999999 1431
442.755 -717.163 1432
-408.57599999999996 -737.181 1433
-503.348 676.172 1434
-822.9989999999999 -183.31599999999997 1435
-576.996 -615.832 1436
-842.072 61.5893 1437
-376.556 755.812 1438
-715.048 -449.59 1439
-334.156 -776.45 1440
-18.4993 845.382 1441
-845.4989999999999 -15.1572 1442
736.668 418.055 1443
291.553 795.6360000000001 1444
-838.216 -128.039 1445
-795.711 -294.524 1446
-312.003 789.523 1447
717.012 -454.63199999999995 1448
537.002 657.944 1449
-769.179 360.37699999999995 1450
845.811 78.3334 1451
-53.3562 -848.403 1452
-390.03 755.7189999999999 1453
38.2564 849.8789999999999 1454
-751.953 -398.661 1455
300.937 -797.2669999999999 1456
-319.991 790.082 1457
141.328 840.89 1458
731.753 438.43699999999995 1459
-405.167 -750.975 1460
-842.2610000000001 -137.305 1461
-304.725 -797.935 1462
-769.8589999999999 370.305 1463
-795.2289999999999 -312.53 1464
-770.7289999999999 -369.035 1465
-261.29 -813.71 1466
763.007 385.343 1467
-839.592 160.497 1468
834.329 -188.292 1469
-724.115 -455.338 1470
-521.913 677.7739999999999 1471
-393.407 759.7230000000001 1472
-850.903 -94.7017 1473
246.99200000000002 819.831 1474
-378.024 -768.459 1475
137.344 -845.327 1476
-823.0160000000001 236.865 1477
-698.404 -496.341 1478
-842.982 -158.814 1479
481.05400000000003 710.3560000000001 1480
-289.754 -807.628 1481
-149.925 -844.8430000000001 1482
67.0509 855.5889999999999 1483
-826.296 -232.58900000000003 1484
858.493 -0.8946149999999999 1485
858.613 -8.42939 1486
-333.009 791.847 1487
465.624 -722.346 1488
-660.62 549.8240000000001 1489
168.68200000000002 -842.794 1490
716.416 475.035 1491
522.738 682.635 1492
-576.065 638.5830000000001 1493
-411.371 755.35 1494
-562.091 651.293 1495
621.242 595.2080000000001 1496
803.703 308.45799999999997 1497
374.397 775.235 1498
818.65 -266.57099999999997 1499
668.523 542.6619999999999 1500
-11.5287 -860.993 1501
-857.806 78.8576 1502
-18.194000000000003 -862.18 1503
507.642 697.317 1504
-799.7080000000001 323.688 1505
829.262 -239.035 1506
285.996 -814.4680000000001 1507
399.491 -765.328 1508
-401.92800000000005 764.169 1509
-798.578 328.39599999999996 1510
736.44 452.329 1511
836.8660000000001 218.61700000000002 1512
854.9989999999999 130.85399999999998 1513
-859.8389999999999 -96.02 1514
237.60299999999998 832.125 1515
320.32 -804.075 1516
-282.343 818.319 1517
-433.957 -749.448 1518
861.702 88.4155 1519
794.247 345.966 1520
506.8 -702.809 1521
-687.809 527.238 1522
-690.284 -524.716 1523
-454.0 738.7260000000001 1524
-526.034 -689.4069999999999 1525
778.568 382.5 1526
-846.8760000000001 188.14700000000002 1527
-856.166 -143.834 1528
832.488 246.635 1529
704.695 507.343 1530
314.957 -809.441 1531
331.699 802.8910000000001 1532
-234.757 837.1439999999999 1533
808.612 -319.937 1534
628.722 -600.8430000000001 1535
-810.5039999999999 317.41700000000003 1536
-489.57800000000003 719.846 1537
452.82 743.7239999999999 1538
406.51599999999996 770.1469999999999 1539
-630.229 601.239 1540
640.47 -590.719 1541
-754.638 436.913 1542
-870.579 60.5999 1543
-815.8989999999999 -309.835 1544
-355.834 -797.6089999999999 1545
-647.903 -585.819 1546
868.46 94.6539 1547
327.33 -810.041 1548
235.417 -841.4810000000001 1549
-645.156 -589.6990000000001 1550
-293.828 -823.841 1551
-871.383 79.7186 1552
865.4830000000001 132.066 1553
175.63299999999998 -857.8330000000001 1554
609.9259999999999 628.268 1555
604.2230000000001 -633.909 1556
-864.4 -145.366 1557
-469.532 740.8689999999999 1558
-723.784 -495.474 1559
840.7 -250.25099999999998 1560
303.209 823.1410000000001 1561
768.9989999999999 422.42800000000005 1562
672.97 -563.269 1563
877.5369999999999 12.6548 1564
-216.137 850.618 1565
876.495 50.1591 1566
-561.6759999999999 674.89 1567
583.57 -656.2460000000001 1568
-656.4580000000001 584.5169999999999 1569
-749.1239999999999 -461.17199999999997 1570
850.7710000000001 -225.05 1571
743.692 471.315 1572
-607.375 -637.683 1573
-784.961 -399.505 1574
790.028 390.582 1575
-70.3151 878.6460000000001 1576
-362.4 -804.633 1577
-785.265 402.675 1578
-715.7330000000001 -516.612 1579
757.069 454.11400000000003 1580
-860.745 -197.43400000000003 1581
-499.09 -728.86 1582
-788.865 397.904 1583
-738.937 -485.11199999999997 1584
-537.698 701.7869999999999 1585
-755.332 -459.486 1586
-468.23800000000006 -749.9739999999999 1587
-129.30200000000002 -874.673 1588
780.1410000000001 -416.44699999999995 1589
-794.1669999999999 -393.07 1590
607.453 645.595 1591
-756.49 -462.35900000000004 1592
-718.39 519.62 1593
-768.942 442.164 1594
-517.481 720.6469999999999 1595
850.957 -251.813 1596
884.556 -83.639 1597
-837.4939999999999 -297.014 1598
533.818 710.8660000000001 1599
252.053 852.557 1600
190.468 -868.97 1601
687.278 -564.885 1602
118.82799999999999 881.888 1603
75.8178 -886.9010000000001 1604
-794.732 400.95300000000003 1605
-872.865 -176.06099999999998 1606
-791.7860000000001 -410.29400000000004 1607
724.655 520.839 1608
796.5880000000001 403.899 1609
466.24300000000005 762.222 1610
432.543 782.1260000000001 1611
204.386 870.1419999999999 1612
-236.206 862.055 1613
-393.60400000000004 802.706 1614
-811.7 -375.76199999999994 1615
219.69400000000002 -867.183 1616
-860.929 243.72400000000002 1617
831.579 -330.47 1618
-17.7896 -894.684 1619
-45.2549 -893.748 1620
-703.5889999999999 553.8919999999999 1621
-605.686 659.543 1622
233.041 864.867 1623
-577.112 685.705 1624
-618.328 648.9830000000001 1625
95.81299999999999 -891.701 1626
-897.2139999999999 3.08058 1627
120.23899999999999 -889.176 1628
-168.862 -882.427 1629
369.59 819.137 1630
194.588 -877.4739999999999 1631
870.7639999999999 224.67 1632
-30.6417 901.018 1633
900.0110000000001 61.941 1634
-867.4739999999999 -247.942 1635
-894.278 -121.76899999999999 1636
-563.077 705.498 1637
-898.673 -84.9476 1638
-738.1389999999999 -519.87 1639
-673.217 -601.729 1640
902.068 -44.5177 1641
-636.025 642.231 1642
-561.905 -708.175 1643
488.608 -760.654 1644
-407.523 807.4780000000001 1645
-14.652999999999999 904.855 1646
784.025 451.978 1647
-101.994 899.367 1648
874.033 -235.301 1649
-122.838 -897.715 1650
-463.144 778.895 1651
538.668 728.824 1652
-343.56 -838.7639999999999 1653
878.4019999999999 -223.87400000000002 1654
-680.0210000000001 -599.575 1655
644.849 -637.263 1656
85.4194 -903.677 1657
-275.017 865.1080000000001 1658
-306.327 854.9119999999999 1659
726.1489999999999 -545.374 1660
477.24800000000005 772.85 1661
613.65 670.9960000000001 1662
-854.613 310.653 1663
91.3971 -905.3530000000001 1664
-909.7869999999999 -22.6807 1665
124.56700000000001 -901.555 1666
250.252 875.3380000000001 1667
869.6189999999999 -269.938 1668
504.23400000000004 -759.0 1669
-347.815 -842.31 1670
-448.336 793.966 1671
741.65 530.5509999999999 1672
-549.383 728.22 1673
910.6489999999999 -54.9185 1674
90.8425 -908.442 1675
-904.8539999999999 -122.23700000000001 1676
913.28 17.9357 1677
870.595 277.253 1678
-286.947 867.559 1679
913.98 8.54771 1680
-97.1447 -908.8489999999999 1681
733.3760000000001 -547.3430000000001 1682
-495.256 769.585 1683
574.539 712.9630000000001 1684
-194.234 895.081 1685
-55.5942 914.8989999999999 1686
594.893 697.577 1687
-857.405 -325.381 1688
-770.6489999999999 -498.43300000000005 1689
-674.367 -624.082 1690
148.64700000000002 906.79 1691
826.805 -401.24 1692
-903.934 -168.707 1693
-136.028 -909.56 1694
-903.747 171.359 1695
435.778 810.28 1696
-106.37200000000001 -913.8710000000001 1697
-111.16 913.328 1698
919.328 -41.5666 1699
-270.892 -879.563 1700
-903.797 175.86599999999999 1701
373.411 842.34 1702
-640.242 662.7739999999999 1703
-760.617 -520.307 1704
-788.66 -476.85 1705
-220.486 -894.8530000000001 1706
-37.5936 -920.99 1707
449.86300000000006 -804.551 1708
874.7510000000001 -290.83099999999996 1709
877.796 -281.736 1710
-906.446 -171.122 1711
275.557 880.43 1712
628.315 675.829 1713
-313.933 867.9789999999999 1714
744.3560000000001 -546.934 1715
870.4580000000001 310.163 1716
673.834 632.3580000000001 1717
616.496 688.454 1718
-827.082 412.773 1719
-771.6489999999999 509.277 1720
-726.502 -571.87 1721
-225.715 -896.643 1722
-600.01 703.544 1723
923.232 -57.7595 1724
914.183 -142.767 1725
-24.5204 925.067 1726
330.07300000000004 -864.648 1727
-225.095 898.095 1728
900.3760000000001 216.41099999999997 1729
-564.0409999999999 -734.829 1730
517.774 768.248 1731
-149.81 -914.456 1732
924.758 60.3672 1733
244.66099999999997 894.826 1734
749.704 -546.475 1735
916.62 145.14700000000002 1736
90.62 924.318 1737
-386.543 844.779 1738
-197.995 907.76 1739
602.381 -707.8560000000001 1740
836.5980000000001 -405.096 1741
-928.46 -49.3928 1742
308.24 877.419 1743
-771.4960000000001 519.472 1744
-792.571 487.667 1745
-352.824 861.1210000000001 1746
-297.2 881.91 1747
414.744 833.822 1748
-305.04900000000004 -880.324 1749
-81.693 928.235 1750
-922.263 135.325 1751
820.2639999999999 -442.99 1752
511.925 779.326 1753
501.30400000000003 -786.302 1754
-473.53 803.347 1755
-909.1610000000001 209.248 1756
640.9540000000001 -678.1460000000001 1757
491.631 -793.41 1758
753.596 550.867 1759
-587.319 726.809 1760
-898.328 257.881 1761
-640.5409999999999 -680.993 1762
-864.0139999999999 -357.43699999999995 1763
542.947 -761.3960000000001 1764
899.495 -256.33799999999997 1765
583.349 -731.24 1766
-655.94 669.704 1767
725.2919999999999 -595.288 1768
-324.76599999999996 -881.623 1769
755.9 559.007 1770
129.401 931.321 1771
-677.197 653.1990000000001 1772
-144.511 -929.846 1773
623.93 704.467 1774
175.433 924.8939999999999 1775
-254.747 -906.477 1776
121.50200000000001 934.558 1777
685.794 648.078 1778
838.48 432.918 1779
-803.4069999999999 -495.055 1780
-935.806 -121.711 1781
-772.696 -542.4680000000001 1782
395.651 -857.222 1783
940.054 -88.68799999999999 1784
-845.2810000000001 421.037 1785
445.774 -832.95 1786
908.8689999999999 259.524 1787
-618.052 715.211 1788
879.413 -346.68 1789
-936.429 -133.141 1790
160.26 -932.205 1791
-826.939 -459.425 1792
414.152 850.538 1793
686.3989999999999 -651.321 1794
823.8889999999999 465.691 1795
261.053 910.492 1796
750.6189999999999 577.725 1797
-368.413 -872.872 1798
825.664 464.73400000000004 1799
-533.992 -783.301 1800
948.17 16.1014 1801
771.028 -552.1669999999999 1802
755.5939999999999 -573.314 1803
370.647 873.415 1804
94.5485 -944.1239999999999 1805
-945.618 -87.2418 1806
-686.46 656.555 1807
-832.762 -457.19300000000004 1808
568.995 -760.7660000000001 1809
676.1469999999999 667.982 1810
950.0060000000001 34.9957 1811
-353.404 -882.789 1812
839.727 -446.216 1813
781.2810000000001 542.276 1814
-164.28099999999998 -937.546 1815
-737.565 -601.9490000000001 1816
755.355 579.525 1817
727.643 614.982 1818
-218.863 -927.26 1819
-143.366 -942.053 1820
-507.25 -806.807 1821
-431.645 -849.673 1822
-808.431 504.88 1823
-949.816 81.0899 1824
650.462 697.084 1825
448.875 -841.202 1826
-925.9889999999999 227.953 1827
854.8480000000001 -422.898 1828
-670.6489999999999 678.2610000000001 1829
-86.4451 -950.625 1830
-886.3939999999999 355.72900000000004 1831
773.824 -560.694 1832
914.577 -277.171 1833
-671.934 680.07 1834
-897.809 329.57199999999995 1835
950.198 -108.829 1836
163.88299999999998 -944.1439999999999 1837
179.265 941.3580000000001 1838
628.857 -723.279 1839
-862.11 419.80400000000003 1840
130.382 -950.1610000000001 1841
-959.084 28.6526 1842
771.7130000000001 570.294 1843
-497.227 820.748 1844
-295.666 913.4060000000001 1845
-599.205 750.268 1846
-698.867 658.497 1847
954.1080000000001 111.205 1848
-38.8968 960.02 1849
-695.296 -663.196 1850
-571.3580000000001 -772.5830000000001 1851
-182.62599999999998 -943.555 1852
-143.282 -950.548 1853
-952.551 130.30700000000002 1854
-19.5635 -961.617 1855
422.176 865.413 1856
-206.331 940.5889999999999 1857
783.7139999999999 -559.811 1858
-859.442 -435.346 1859
708.1489999999999 -653.331 1860
-314.969 -911.173 1861
903.878 -338.156 1862
-582.738 769.3760000000001 1863
-404.022 877.212 1864
-927.699 -269.715 1865
912.745 -318.211 1866
-492.64599999999996 831.673 1867
277.07099999999997 -926.1289999999999 1868
-517.7959999999999 -816.4069999999999 1869
-874.4169999999999 412.718 1870
-799.069 -544.684 1871
-891.665 374.44199999999995 1872
-734.2389999999999 630.156 1873
867.81 -429.096 1874
-968.035 25.6369 1875
-207.65900000000002 945.887 1876
204.419 947.2230000000001 1877
102.06200000000001 -963.6489999999999 1878
-677.452 693.0930000000001 1879
-39.4063 968.47 1880
124.824 961.204 1881
-651.1569999999999 -718.419 1882
745.314 -620.295 1883
235.61900000000003 -940.625 1884
893.438 -377.25 1885
-786.2139999999999 -568.4590000000001 1886
592.703 -768.444 1887
-662.173 -709.7239999999999 1888
168.7 957.405 1889
584.677 -776.7130000000001 1890
697.22 677.79 1891
-418.866 -877.6010000000001 1892
896.5189999999999 379.30800000000005 1893
288.981 -929.903 1894
-440.02099999999996 869.082 1895
972.0889999999999 63.6575 1896
-96.7751 -969.7560000000001 1897
-496.403 -838.709 1898
-973.318 53.1513 1899
-534.374 -815.789 1900
393.22 892.5189999999999 1901
842.199 -491.89300000000003 1902
971.3439999999999 88.1767 1903
974.041 50.6696 1904
-641.599 734.804 1905
-775.3889999999999 592.132 1906
-914.447 -340.76199999999994 1907
935.836 281.189 1908
922.855 321.425 1909
-958.788 189.957 1910
510.325 833.711 1911
-800.914 561.063 1912
121.105 -970.836 1913
-467.796 -859.34 1914
-978.227 21.2584 1915
286.392 -936.117 1916
-558.472 804.073 1917
497.599 -843.279 1918
-575.4119999999999 792.326 1919
-932.6510000000001 -299.507 1920
-963.8910000000001 -176.21400000000003 1921
-845.725 496.006 1922
655.6339999999999 -729.431 1923
-926.355 -322.58299999999997 1924
185.46 963.3480000000001 1925
874.1489999999999 -445.601 1926
-884.825 425.18 1927
-827.711 528.008 1928
784.808 590.025 1929
452.38800000000003 871.633 1930
-961.813 201.395 1931
860.462 474.76 1932
273.618 944.04 1933
909.27 -373.735 1934
191.19299999999998 -964.8 1935
932.569 312.691 1936
509.394 -841.807 1937
795.133 579.932 1938
-745.903 -642.028 1939
-966.9760000000001 -184.293 1940
967.5089999999999 -182.679 1941
-578.617 -796.8510000000001 1942
274.08799999999997 -946.1469999999999 1943
564.7719999999999 807.7130000000001 1944
544.5509999999999 821.7710000000001 1945
772.38 -612.739 1946
-814.039 -557.6659999999999 1947
-550.543 819.346 1948
231.40900000000002 959.695 1949
631.396 760.002 1950
-722.623 -674.8 1951
-185.75099999999998 971.2589999999999 1952
888.635 433.914 1953
352.939 923.928 1954
-963.199 -224.64700000000002 1955
913.6160000000001 -378.866 1956
422.673 -894.299 1957
-232.94400000000002 961.597 1958
983.645 109.02799999999999 1959
243.56900000000002 -959.54 1960
507.461 -851.174 1961
526.682 840.2489999999999 1962
-984.0980000000001 -122.568 1963
-144.468 -981.567 1964
367.645 921.91 1965
-631.1469999999999 -766.183 1966
677.8939999999999 -726.013 1967
872.802 -474.68300000000005 1968
543.589 831.779 1969
-721.007 683.852 1970
-992.5139999999999 60.2665 1971
707.27 699.5189999999999 1972
905.4 -412.217 1973
-965.375 -240.611 1974
-574.727 -812.596 1975
-938.8839999999999 -330.76300000000003 1976
-803.373 587.855 1977
-325.225 -940.951 1978
771.2810000000001 -629.7130000000001 1979
484.514 -869.8889999999999 1980
664.5060000000001 741.8910000000001 1981
898.638 429.60900000000004 1982
-994.98 47.9825 1983
962.711 256.01099999999997 1984
676.529 -732.053 1985
-802.2410000000001 592.83 1986
-201.425 976.9780000000001 1987
252.843 -965.209 1988
-263.51599999999996 962.395 1989
787.184 613.516 1990
995.8589999999999 68.6582 1991
489.596 -869.956 1992
-998.053 -32.7177 1993
-44.9361 -997.71 1994
998.706 -16.5112 1995
911.5160000000001 -408.59 1996
-595.715 -802.255 1997
141.243 -989.415 1998
-45.3028 -998.8739999999999 1999
