9.51727 8.990969999999999 0
10.9773 -7.15517 1
-7.922789999999999 13.8941 2
-16.2519 -2.1389400000000003 3
-28.5935 1.30385 4
-33.6796 8.88927 5
23.7237 31.3892 6
-4.99377 41.218999999999994 7
42.2586 6.54801 8
-42.8811 1.02871 9
7.57061 45.2059 10
13.0092 -52.3656 11
3.06554 56.5135 12
19.4807 68.2318 13
54.5986 45.8516 14
-68.9951 -21.5701 15
-32.8169 -67.8536 16
-73.7802 18.4788 17
77.1514 0.194747 18
59.0064 -55.8864 19
82.8075 20.287 20
-56.1214 -64.9465 21
81.235 -28.1159 22
-15.0249 -85.3235 23
73.9017 50.0066 24
-23.3115 88.1595 25
-70.7331 -58.8064 26
92.7071 13.5396 27
70.1762 64.032 28
-3.3464 -95.4888 29
93.2907 -36.6359 30
-4.47256 101.508 31
62.2904 -82.3216 32
99.9349 -30.8971 33
51.0921 -93.1904 34
-100.809 36.4063 35
19.1497 -105.74 36
-59.7974 -89.5805 37
44.1235 -98.6135 38
106.006 -24.5401 39
-12.0587 -108.645 40
100.339 43.7808 41
82.67200000000001 -78.5644 42
117.98100000000001 -1.5073 43
-19.9414 117.277 44
-104.74799999999999 58.4956 45
59.4429 -108.37299999999999 46
98.5251 79.363 47
-55.7959 -114.363 48
1.38229 128.315 49
30.1606 -126.944 50
19.6014 -129.33700000000002 51
95.2788 -93.1838 52
-122.375 52.8356 53
32.8259 -129.262 54
-0.789862 -135.226 55
112.353 78.4957 56
-132.154 -38.7623 57
133.296 37.5349 58
-51.1655 -129.60399999999998 59
-21.9449 139.18 60
104.264 97.8751 61
-126.584 -73.5461 62
-143.903 -29.029 63
-32.6415 -144.871 64
-98.9321 111.56200000000001 65
-75.5811 129.252 66
-54.9867 -139.429 67
-150.049 23.0774 68
-146.002 -45.4936 69
-143.665 54.4039 70
139.29 65.5426 71
-28.0885 154.28799999999998 72
-88.40100000000001 130.369 73
-81.5812 -136.469 74
-155.151 -34.8061 75
73.5605 141.505 76
134.814 -86.384 77
156.38 37.0217 78
146.584 -68.0438 79
-72.1002 -144.809 80
-85.1331 -137.993 81
117.015 -112.414 82
51.3752 -153.936 83
117.686 -114.39200000000001 84
-122.485 -109.34299999999999 85
-161.63 -29.1164 86
-153.908 58.8944 87
68.2831 150.25 88
44.2715 159.622 89
16.3994 165.197 90
146.563 -79.7231 91
-7.17172 -167.38400000000001 92
-120.053 -117.196 93
151.911 72.9819 94
-131.357 -106.838 95
60.9222 -161.358 96
39.5763 -167.97 97
93.0417 145.86 98
-126.42299999999999 -119.147 99
-8.55795 -174.476 100
-136.45600000000002 109.58200000000001 101
59.2586 -166.83 102
148.553 97.1419 103
26.3425 175.734 104
-71.0689 -165.55900000000003 105
-14.5842 -179.984 106
-150.27200000000002 100.488 107
-159.17700000000002 87.0764 108
161.607 -84.8218 109
-179.333 42.9019 110
-115.11399999999999 147.576 111
-178.82 -55.5166 112
186.044 -29.1137 113
147.343 -117.446 114
-145.39700000000002 120.72399999999999 115
-4.04598 189.273 116
-21.2313 189.113 117
-186.25599999999997 -40.2511 118
171.977 -82.6922 119
181.122 62.3173 120
-185.91099999999997 50.1101 121
-53.3634 185.99 122
-193.57 -4.39208 123
-171.845 90.4745 124
-108.448 -161.85 125
32.6942 -193.476 126
-177.264 85.0332 127
191.032 47.5606 128
-178.285 -84.0376 129
26.0287 195.84 130
181.768 79.5938 131
-198.55700000000002 -1.45193 132
-102.214 171.25099999999998 133
141.98 -140.067 134
-126.72 154.911 135
6.13194 200.329 136
12.0926 200.671 137
-111.23899999999999 169.062 138
193.127 -62.3094 139
-166.898 -117.99 140
-118.42 166.804 141
94.4165 181.642 142
13.3598 -204.601 143
5.12397 -205.611 144
-205.171 -14.8373 145
2.93595 -205.755 146
-197.988 56.8673 147
-121.64200000000001 166.46400000000003 148
181.78 102.15700000000001 149
-170.683 119.91799999999999 150
200.389 62.2364 151
74.7123 -196.229 152
5.3659 210.03799999999998 153
-13.099 210.69400000000002 154
-176.94799999999998 -115.478 155
-154.766 -145.066 156
-59.8278 -203.798 157
157.72 143.938 158
214.27599999999998 5.78027 159
91.0902 194.051 160
61.5895 -206.579 161
-215.93 -0.8619879999999999 162
183.947 114.844 163
-204.83599999999998 72.5752 164
197.49200000000002 -92.5056 165
-166.261 141.21200000000002 166
-140.475 -168.167 167
10.3458 -219.459 168
-213.85 51.6844 169
1.8011400000000002 -222.229 170
-57.9788 215.262 171
206.175 -86.4804 172
190.482 117.51899999999999 173
180.632 -133.641 174
-225.143 -12.5692 175
126.214 187.325 176
226.084 4.96443 177
149.773 169.457 178
-120.934 193.104 179
-227.865 -8.01758 180
123.139 -193.09 181
59.4718 221.497 182
-208.30599999999998 100.65 183
-231.41 14.2136 184
194.997 -125.825 185
99.1479 -211.697 186
-134.981 191.013 187
111.61 207.343 188
75.8529 223.15400000000002 189
-212.703 -103.01899999999999 190
-153.322 -180.67700000000002 191
-207.582 -114.986 192
84.2066 222.326 193
-39.2706 235.293 194
-40.2358 236.804 195
73.1526 228.976 196
-240.63299999999998 -21.5641 197
233.81900000000002 63.1728 198
141.909 197.58599999999998 199
105.814 219.31599999999997 200
55.4758 238.257 201
-212.528 122.215 202
-192.34900000000002 152.673 203
-228.963 90.5454 204
1.03031 247.293 205
-94.6303 -229.822 206
-241.905 -65.1985 207
-234.044 89.7485 208
-29.9959 -248.92700000000002 209
162.415 191.93599999999998 210
158.644 197.705 211
-18.3175 -252.975 212
231.946 -102.87200000000001 213
-144.769 208.639 214
-155.66 -202.50099999999998 215
34.5341 253.093 216
19.9741 255.07299999999998 217
-214.266 140.235 218
-243.153 -86.2268 219
138.42600000000002 -217.90400000000002 220
-197.543 166.528 221
-111.096 233.685 222
-203.00900000000001 162.159 223
68.1088 -251.865 224
-247.297 84.5315 225
-181.363 -188.239 226
-252.94 66.8708 227
190.794 -181.429 228
-231.74200000000002 -126.885 229
-19.5525 -263.601 230
185.458 -191.048 231
194.643 182.50799999999998 232
-267.892 -7.50334 233
-27.3644 -266.978 234
22.9886 267.77299999999997 235
-124.575 238.203 236
-38.695 -266.347 237
-147.66299999999998 -225.24400000000003 238
132.04399999999998 -235.82 239
191.37 -190.855 240
196.937 -185.517 241
-222.602 -154.88299999999998 242
226.63299999999998 -149.93 243
44.2872 -268.39099999999996 244
-272.49 -13.5447 245
165.58700000000002 218.649 246
-176.545 211.28799999999998 247
-220.74 165.56 248
244.68200000000002 127.75299999999999 249
-111.22399999999999 254.003 250
-39.9891 -275.263 251
259.871 101.075 252
83.3483 -266.133 253
-212.998 -181.35 254
-179.018 -215.54 255
-59.1661 -274.224 256
-231.11700000000002 -159.655 257
232.206 158.864 258
280.37 23.9738 259
145.061 -241.86 260
202.35 -197.22099999999998 261
-266.43 97.88 262
226.699 -171.895 263
-76.4225 274.231 264
87.9181 -270.76599999999996 265
13.6057 -284.495 266
-195.42 207.263 267
-276.505 -70.7506 268
-276.671 -70.2416 269
285.111 28.5945 270
-280.28 64.5602 271
-2.32022 -287.66 272
287.67900000000003 -13.5316 273
-288.283 -9.96509 274
288.655 12.8547 275
-129.41299999999998 -259.399 276
225.699 -182.30700000000002 277
272.368 -105.715 278
-26.2489 291.45799999999997 279
288.513 50.033 280
-26.8363 -292.449 281
-292.32099999999997 -30.5335 282
130.75 263.879 283
-31.524 293.175 284
287.199 68.5037 285
-204.139 -214.364 286
293.976 -35.8873 287
-145.648 257.95 288
98.3049 279.85200000000003 289
99.6897 279.897 290
190.06099999999998 -228.815 291
-294.251 44.056999999999995 292
297.236 -23.5023 293
-7.207560000000001 -298.253 294
-232.918 -187.14 295
4.3556 -298.861 296
125.139 -271.748 297
32.8253 297.42900000000003 298
21.5438 298.566 299
-288.02 85.9933 300
-177.03599999999997 243.21099999999998 301
173.88099999999997 247.24400000000003 302
41.6144 300.053 303
66.7263 -296.23900000000003 304
-181.84599999999998 -243.92700000000002 305
-26.9256 303.529 306
282.686 115.06 307
205.52900000000002 225.98 308
-241.49599999999998 187.18200000000002 309
-238.717 -191.512 310
-128.70600000000002 -279.048 311
297.914 75.5462 312
96.9791 -292.438 313
-281.08099999999996 127.995 314
30.5967 -307.475 315
39.7529 306.78700000000003 316
279.933 -131.805 317
272.39799999999997 147.36700000000002 318
59.3128 -304.469 319
-144.826 -275.152 320
-182.01 -253.59 321
3.54635 -312.268 322
-94.831 -297.783 323
199.916 240.502 324
1.80854 -313.035 325
-187.362 252.19400000000002 326
-68.7938 -306.757 327
-283.85 135.731 328
253.979 185.89700000000002 329
305.118 -79.4855 330
311.122 52.3937 331
-66.4033 -308.721 332
-6.89618 -316.545 333
-119.134 -293.409 334
-179.701 261.363 335
276.064 -156.186 336
-314.77 42.3026 337
294.53 119.89 338
-294.758 -119.57 339
211.24900000000002 -238.642 340
-108.323 -300.465 341
-135.41899999999998 -289.616 342
-269.43 -172.574 343
186.26 261.194 344
36.8659 318.942 345
-119.27799999999999 298.797 346
-266.993 -179.62 347
311.25 84.4793 348
-317.408 -59.2891 349
-129.149 296.562 350
-299.025 -127.899 351
-221.267 -238.53799999999998 352
-321.497 54.0316 353
-126.87700000000001 300.595 354
122.36399999999999 -302.745 355
-301.9 -124.931 356
228.68900000000002 233.447 357
249.72299999999998 -211.396 358
327.37 35.1675 359
-328.264 25.754 360
-210.153 255.188 361
106.73 -313.08099999999996 362
-137.65200000000002 301.46299999999997 363
-286.697 -167.21599999999998 364
-324.366 -71.7509 365
118.305 -310.621 366
-333.019 -5.5774300000000006 367
328.281 -58.6383 368
248.08700000000002 222.97400000000002 369
313.269 -114.62100000000001 370
-207.477 -261.725 371
327.843 67.484 372
-158.525 -295.22900000000004 373
150.108 300.248 374
126.48899999999999 -311.093 375
334.715 -32.9025 376
326.177 -92.2939 377
270.955 204.525 378
308.166 142.688 379
-216.507 262.86 380
57.4509 -335.755 381
-215.217 264.055 382
-333.244 -71.7012 383
112.979 321.689 384
-141.047 -311.11 385
-287.818 -184.442 386
140.582 -312.01 387
249.804 -233.93 388
65.7042 -336.33 389
-222.023 264.639 390
298.918 173.43 391
345.037 -19.483 392
-310.593 152.764 393
338.41 76.0146 394
-346.414 -37.7307 395
-338.865 -83.6794 396
-261.431 -231.71900000000002 397
-215.542 -275.01599999999996 398
345.413 54.1027 399
155.819 313.347 400
-233.915 260.811 401
289.565 -197.59 402
-191.579 -294.17 403
266.921 228.49099999999999 404
149.934 -317.829 405
259.988 236.771 406
247.842 250.22099999999998 407
328.319 128.515 408
-318.863 -151.188 409
-353.241 -7.229 410
352.199 30.6689 411
183.17700000000002 -302.769 412
283.411 212.34 413
184.648 -303.092 414
347.115 -74.9121 415
-256.66700000000003 -248.03099999999998 416
317.83299999999997 162.556 417
339.185 124.561 418
-131.725 336.645 419
-262.17900000000003 -251.05200000000002 420
349.32 -103.72 421
37.1108 -362.92900000000003 422
-234.102 -281.323 423
-84.4926 356.289 424
357.00699999999995 -81.4095 425
-359.769 -69.90100000000001 426
96.7794 -353.838 427
-135.105 341.26599999999996 428
-201.245 -306.97 429
26.8962 366.337 430
353.885 -102.745 431
326.802 -173.785 432
-81.3304 -361.602 433
-365.57300000000004 62.1351 434
-350.865 -121.385 435
83.5563 -361.95099999999996 436
-267.745 -258.226 437
356.147 -110.432 438
355.733 115.338 439
-144.685 345.99199999999996 440
258.54 272.041 441
-280.078 250.34 442
-228.06099999999998 299.366 443
317.255 202.87 444
-314.363 -207.449 445
-369.871 -72.0009 446
376.211 24.1122 447
132.012 -353.23400000000004 448
-350.194 -140.332 449
180.252 -332.579 450
378.539 15.2716 451
252.355 282.751 452
94.3935 -367.21 453
-235.437 -297.215 454
5.85226 -379.13199999999995 455
370.37800000000004 81.797 456
-66.3987 374.212 457
-71.7898 373.54 458
-374.93699999999995 -65.3983 459
-132.187 -357.036 460
-374.026 75.7068 461
-341.089 -172.481 462
257.036 283.301 463
-166.937 344.25 464
33.027 -381.224 465
368.87699999999995 -106.985 466
221.02 -314.914 467
-365.939 -119.618 468
-201.477 -328.095 469
-338.17900000000003 184.26 470
181.583 339.876 471
234.81400000000002 -306.436 472
219.66099999999997 317.495 473
-351.091 -163.503 474
-377.35 88.0362 475
-20.9296 -387.311 476
269.421 279.387 477
381.445 -74.0111 478
150.6 359.07 479
-272.832 278.301 480
-180.56900000000002 -346.208 481
-388.44300000000004 -49.9485 482
-389.67199999999997 41.9214 483
-331.658 -209.572 484
261.22 -292.932 485
382.295 -89.2635 486
-161.727 -357.733 487
-216.588 327.512 488
-378.147 107.669 489
148.02100000000002 365.001 490
36.7902 392.33099999999996 491
9.65468 394.414 492
65.8745 389.214 493
343.25199999999995 195.041 494
-391.19 -56.2321 495
53.876999999999995 -392.02 496
-395.463 17.0859 497
334.788 211.342 498
111.397 380.48900000000003 499
302.777 257.192 500
-380.62300000000005 -114.853 501
-28.619 -396.952 502
78.6202 390.251 503
-299.135 262.731 504
-393.39300000000003 -61.6361 505
398.61300000000006 -12.9125 506
-379.47 -122.845 507
-54.8672 395.374 508
-246.81 315.181 509
-10.7848 400.42199999999997 510
-384.99199999999996 112.959 511
-346.505 202.52599999999998 512
72.3312 -396.342 513
367.119 166.14 514
-365.083 -172.615 515
-211.541 344.034 516
274.356 296.874 517
-23.2611 -403.56800000000004 518
402.94599999999997 -36.1974 519
-55.9161 401.2 520
-404.69699999999995 -24.2674 521
-372.611 -161.358 522
-183.61599999999999 362.87699999999995 523
-108.329 392.19599999999997 524
-137.497 -383.724 525
400.936 74.5941 526
-224.78900000000002 -340.42699999999996 527
-271.628 -305.111 528
-100.75 396.514 529
355.903 201.97799999999998 530
-406.08 52.195 531
-269.2 -309.243 532
-321.736 254.84799999999998 533
-266.453 312.44 534
-193.358 362.731 535
-20.4569 -411.42800000000005 536
-373.61400000000003 -174.44099999999997 537
75.6651 -405.912 538
-226.06599999999997 345.561 539
351.426 217.037 540
75.7989 -406.957 541
89.9849 -404.515 542
57.6904 -410.389 543
-412.899 40.1594 544
-227.785 347.327 545
-86.7131 406.665 546
-327.19 -256.86 547
-346.61699999999996 231.92 548
392.49300000000005 -141.609 549
-59.9555 413.274 550
-3.42748 417.941 551
68.1097 412.523 552
-1.85565 418.399 553
333.341 253.06599999999997 554
414.084 -63.8839 555
-416.66900000000004 -45.3603 556
410.809 92.0506 557
419.532 -39.9585 558
-420.53 -41.5875 559
296.145 -302.017 560
247.847 -343.017 561
-360.36300000000006 222.454 562
81.7345 415.861 563
-422.336 -40.1951 564
-228.87400000000002 -357.588 565
56.6348 420.77099999999996 566
371.62199999999996 -205.766 567
-35.7979 -424.088 568
-234.90200000000002 355.17 569
-320.605 280.403 570
407.79900000000004 123.301 571
-42.4707 424.091 572
-402.86300000000006 139.334 573
-416.06199999999995 93.0469 574
-396.603 160.001 575
417.879 91.9888 576
-136.373 -405.824 577
339.36400000000003 -261.442 578
15.7104 -428.249 579
396.281 -163.467 580
256.316 -343.772 581
-139.035 -405.69599999999997 582
-426.115 51.7928 583
-364.723 226.505 584
385.531 -189.158 585
265.996 -337.36 586
303.397 304.168 587
266.795 337.05199999999996 588
198.00900000000001 381.712 589
428.385 -37.6899 590
355.41900000000004 -246.013 591
-154.09 -404.255 592
97.5777 -421.529 593
308.147 304.296 594
-130.509 412.98400000000004 595
-63.1281 428.783 596
344.336 263.47700000000003 597
376.602 215.354 598
-25.1562 -433.19599999999997 599
84.0775 426.035 600
241.584 -360.889 601
307.153 -307.02299999999997 602
-350.69699999999995 256.908 603
-162.764 -403.209 604
-417.223 -122.566 605
-384.11199999999997 204.804 606
192.13299999999998 390.93300000000005 607
420.12699999999995 119.98 608
392.13 193.072 609
92.1349 427.295 610
-429.603 84.9691 611
-218.63400000000001 379.876 612
127.135 419.486 613
-324.86 294.276 614
-395.596 -190.421 615
436.28 51.7053 616
-142.125 415.722 617
-361.483 250.127 618
271.853 -345.814 619
-369.94300000000004 238.18400000000003 620
59.6753 435.98900000000003 621
-173.563 404.436 622
-440.88599999999997 -12.7414 623
436.267 -65.2378 624
-390.285 -206.071 625
441.85 17.0778 626
-435.577 78.1829 627
-438.79699999999997 -58.9134 628
-97.4333 432.01800000000003 629
336.017 -289.194 630
420.24699999999996 -141.884 631
-440.504 54.563 632
436.772 -81.8983 633
-443.917 21.3993 634
-208.422 392.79400000000004 635
413.535 -164.37099999999998 636
276.319 -348.962 637
-166.22 -413.11800000000005 638
439.773 -72.346 639
-333.36 -296.95799999999997 640
232.53099999999998 -381.199 641
412.884 -171.135 642
284.22700000000003 -345.06 643
-134.83 -426.751 644
400.991 198.873 645
385.379 -228.141 646
-436.82300000000004 99.5213 647
445.545 -57.7209 648
-419.31199999999995 -161.66299999999998 649
294.095 -340.043 650
-431.635 125.79899999999999 651
-230.97400000000002 386.046 652
-449.12300000000005 38.9382 653
-238.775 383.97900000000004 654
126.541 -434.334 655
-449.517 52.7491 656
412.16 -187.88099999999997 657
361.55699999999996 -273.156 658
429.5 146.316 659
-371.477 -260.782 660
-437.98 -119.66 661
-413.36 189.08599999999998 662
-146.77200000000002 430.281 663
220.52200000000002 398.691 664
-333.73 -310.97 665
453.652 60.8037 666
-380.736 -254.54 667
-386.425 -246.975 668
384.93699999999995 -249.835 669
164.37900000000002 428.596 670
60.6208 -455.283 671
-457.61699999999996 39.6876 672
-142.404 -438.006 673
225.78400000000002 401.675 674
-460.579 23.4974 675
363.52 284.721 676
457.287 70.2011 677
457.741 70.4146 678
-448.3 116.40299999999999 679
-403.287 -227.96599999999998 680
-298.71299999999997 354.298 681
419.13199999999995 -198.62900000000002 682
246.63299999999998 -392.871 683
407.5 -222.803 684
-460.865 60.4968 685
-401.75300000000004 -233.91400000000002 686
278.306 -372.408 687
371.431 -279.928 688
441.608 -151.608 689
-339.385 320.671 690
325.334 -335.61699999999996 691
-353.834 305.83099999999996 692
77.7931 -462.106 693
-460.116 -88.8942 694
-465.202 57.4409 695
-426.022 195.73 696
329.52099999999996 -335.533 697
-451.55400000000003 -131.404 698
318.54400000000004 346.31199999999995 699
-442.175 -161.187 700
-467.611 53.75899999999999 701
93.6482 461.38300000000004 702
48.5605 -468.334 703
321.085 344.74199999999996 704
81.5803 -464.084 705
-470.77 -20.4071 706
-349.74800000000005 315.846 707
-376.778 -284.276 708
30.781999999999996 -471.086 709
220.952 -417.223 710
376.735 284.715 711
-269.892 387.49699999999996 712
324.336 -343.24 713
365.119 299.507 714
-435.51 184.638 715
-229.921 -413.474 716
-237.574 410.004 717
387.796 273.764 718
474.37199999999996 21.4271 719
-303.939 -364.92800000000005 720
-227.146 -417.37699999999995 721
-250.123 404.209 722
-471.195 64.4915 723
450.63199999999995 152.115 724
-410.694 -239.955 725
462.125 112.671 726
450.167 -155.07 727
477.151 24.2293 728
-45.2542 -475.73800000000006 729
396.899 -266.847 730
463.06699999999995 122.925 731
463.713 -123.618 732
-415.63699999999994 239.949 733
473.26 -82.2074 734
-341.959 337.655 735
-473.86699999999996 83.2781 736
-292.93 381.686 737
-291.98 382.42 738
417.24699999999996 -239.794 739
-276.461 -394.522 740
230.417 -424.954 741
391.675 -283.426 742
-479.556 -61.37 743
306.133 -374.227 744
322.44599999999997 360.45599999999996 745
-64.3988 479.49199999999996 746
-474.04699999999997 102.635 747
-157.66299999999998 -459.42900000000003 748
-68.6228 -481.034 749
426.965 -234.183 750
-486.894 9.97695 751
471.05 -124.602 752
-377.585 -310.106 753
248.229 -421.376 754
-397.25800000000004 285.64099999999996 755
297.181 -388.991 756
479.26099999999997 100.59200000000001 757
-489.029 -26.8773 758
-178.28599999999997 -456.186 759
186.03400000000002 453.176 760
298.42 -389.13 761
82.4106 483.61199999999997 762
437.963 221.993 763
484.124 84.8265 764
214.166 442.925 765
490.705 38.4208 766
-81.8533 -485.42 767
-97.1231 482.63300000000004 768
-249.548 424.983 769
318.982 -375.76300000000003 770
72.0647 -488.087 771
-488.65 70.9547 772
329.00300000000004 369.082 773
494.722 -20.4576 774
494.356 -38.1804 775
421.045 262.279 776
-345.889 355.86400000000003 777
-104.469 -485.311 778
-420.13300000000004 -265.04 779
-151.319 -473.333 780
461.17199999999997 186.171 781
-359.81800000000004 -343.376 782
490.295 -84.9188 783
-495.376 -53.5626 784
163.519 -470.87199999999996 785
279.752 -412.97900000000004 786
-214.533 450.783 787
-89.9504 -491.13800000000003 788
-457.343 -201.528 789
344.97900000000004 361.75 790
-461.925 191.41099999999997 791
294.92 -404.014 792
383.95099999999996 -320.676 793
-424.695 -264.447 794
-2.0954 500.3 795
240.158 -438.98199999999997 796
-495.50300000000004 -74.4497 797
-326.164 380.431 798
195.485 461.776 799
291.193 -408.288 800
491.76300000000003 -103.506 801
370.34 -339.971 802
333.27099999999996 -378.49 803
-385.418 -326.012 804
49.0066 502.88199999999995 805
-408.98900000000003 297.069 806
-370.62800000000004 -343.8 807
197.487 465.566 808
-457.88199999999995 215.23 809
-170.465 476.532 810
-489.93199999999996 -128.57299999999998 811
-255.769 437.31699999999995 812
-465.05400000000003 200.993 813
233.13099999999997 -449.95 814
146.061 -486.006 815
59.5163 504.48199999999997 816
273.786 -428.619 817
-61.0504 -505.25199999999995 818
59.0495 505.715 819
-472.611 190.85299999999998 820
247.153 446.152 821
500.885 -96.5237 822
88.6274 -502.36800000000005 823
-390.216 328.968 824
-509.816 -25.2853 825
-388.704 -330.98800000000006 826
-508.43199999999996 -52.4449 827
467.309 208.155 828
-431.653 -275.05 829
-511.545 -17.512999999999998 830
-171.93200000000002 482.413 831
461.977 221.293 832
178.275 480.418 833
462.597 220.773 834
257.911 -443.47 835
-258.20099999999996 -444.228 836
445.425 256.62 837
-492.431 148.957 838
-452.218 247.83700000000002 839
-174.31900000000002 486.212 840
-498.139 136.955 841
259.738 -446.725 842
-259.957 446.769 843
-490.124 -165.074 844
-195.937 -478.749 845
-355.949 376.56699999999995 846
435.92699999999996 -280.369 847
514.568 64.7372 848
-2.97111 -519.153 849
-180.024 486.99300000000005 850
512.75 -84.06200000000001 851
-32.4742 -519.118 852
463.389 -236.67700000000002 853
379.716 356.50699999999995 854
58.9171 517.594 855
462.76199999999994 241.512 856
520.2869999999999 42.8134 857
503.227 139.213 858
-121.766 507.76099999999997 859
-360.064 -378.22900000000004 860
-410.337 323.394 861
-147.29399999999998 501.38599999999997 862
-488.532 -186.583 863
-455.35900000000004 -257.403 864
308.047 424.17199999999997 865
-211.498 -479.708 866
385.496 355.37800000000004 867
381.056 360.44800000000004 868
96.3898 -516.212 869
-470.959 -233.665 870
-513.89 -111.757 871
211.68400000000003 -481.75300000000004 872
423.18 314.124 873
523.237 -64.6362 874
-480.39 218.326 875
379.61 -367.881 876
263.868 -458.12199999999996 877
-250.747 466.64099999999996 878
248.65599999999998 468.00699999999995 879
-364.599 -384.814 880
499.01 -179.69799999999998 881
-426.2 316.43 882
-196.37900000000002 -493.286 883
527.874 -60.7557 884
11.9408 531.326 885
349.834 400.159 886
10.532 531.573 887
-3.93024 532.505 888
-531.92 29.9529 889
372.86199999999997 380.61800000000005 890
-36.1486 531.612 891
-363.897 389.45099999999996 892
-483.14 -225.889 893
68.6038 -529.168 894
232.889 480.80199999999996 895
534.2919999999999 17.6278 896
-10.6394 -534.492 897
-30.6646 -533.85 898
18.5506 -534.621 899
-160.86700000000002 -510.327 900
536.113 11.7148 901
521.842 126.604 902
-527.498 106.79299999999999 903
508.625 176.132 904
-536.71 -44.7108 905
388.921 -372.73699999999997 906
471.515 -260.527 907
-316.834 -436.022 908
-508.131 180.62 909
418.918 340.036 910
440.051 -312.225 911
204.347 -500.12800000000004 912
-513.8380000000001 -167.043 913
-374.14099999999996 -390.517 914
-462.44199999999995 280.62 915
-58.3637 538.1030000000001 916
-242.408 484.001 917
138.344 -524.5 918
-117.99700000000001 529.803 919
167.856 516.576 920
-399.837 -367.895 921
399.18300000000005 -368.64099999999996 922
481.439 251.99400000000003 923
-491.225 -232.83700000000002 924
421.941 343.401 925
321.469 441.361 926
-29.0321 -545.351 927
-546.2180000000001 12.6329 928
538.118 -97.2777 929
-306.675 -453.838 930
111.796 -536.36 931
548.023 11.5868 932
-457.667 -301.863 933
416.345 -356.847 934
535.8969999999999 -117.60700000000001 935
-15.753 548.438 936
-537.42 112.75399999999999 937
-137.342 -531.774 938
-163.059 524.997 939
112.82799999999999 -538.224 940
-513.194 -199.12400000000002 941
549.423 39.1691 942
-353.88800000000003 422.24 943
-407.30400000000003 371.824 944
-314.32 453.60400000000004 945
-241.83700000000002 496.173 946
511.69800000000004 -207.33 947
436.899 337.666 948
-395.64 385.495 949
-302.356 462.356 950
531.265 151.875 951
-436.17900000000003 -339.773 952
169.71400000000003 -526.5169999999999 953
463.39 -302.57 954
-542.053 112.055 955
553.609 6.08689 956
541.388 120.186 957
-295.425 -470.06699999999995 958
538.7819999999999 134.076 959
-527.776 -172.479 960
554.557 37.802 961
495.894 -251.80700000000002 962
-458.746 -314.887 963
-114.09700000000001 545.39 964
204.477 -518.518 965
503.663 -239.952 966
375.37300000000005 412.876 967
494.96 -258.928 968
-471.056 -300.58099999999996 969
-510.635 229.512 970
539.488 149.688 971
-512.966 224.37 972
-112.258 -548.677 973
218.52 515.76 974
-545.864 -126.134 975
413.853 377.68199999999996 976
-555.616 -72.7984 977
-353.21 -436.147 978
-67.624 557.186 979
-344.832 442.907 980
-331.17900000000003 -453.36800000000005 981
-555.8290000000001 -82.2148 982
-538.285 161.236 983
-483.777 285.94599999999997 984
-514.956 225.08900000000003 985
371.9 -421.94800000000004 986
-496.61 264.242 987
186.204 -531.016 988
225.017 -516.781 989
285.943 485.926 990
72.1314 -559.872 991
-487.334 284.992 992
560.2180000000001 71.5941 993
-167.372 539.632 994
508.241 247.01 995
547.7180000000001 144.066 996
-433.38300000000004 364.918 997
-481.87300000000005 298.19 998
-561.566 -78.0621 999
351.798 445.86199999999997 1000
-2.94418 -568.243 1001
550.253 -143.398 1002
561.995 -86.9954 1003
334.56 460.006 1004
-448.952 -349.28 1005
348.42 -450.22 1006
-216.685 -526.518 1007
129.951 -554.401 1008
318.008 472.411 1009
544.696 -166.86 1010
-569.74 12.2413 1011
564.822 -75.7984 1012
150.42 549.845 1013
-488.684 -293.836 1014
209.949 530.506 1015
202.753 -533.307 1016
-8.29717 570.604 1017
232.593 521.2080000000001 1018
-313.882 -477.034 1019
-540.446 184.537 1020
522.144 231.355 1021
35.9794 -570.466 1022
-554.763 137.765 1023
297.79200000000003 -488.30300000000005 1024
316.45099999999996 476.56699999999995 1025
554.975 141.143 1026
-473.036 -322.785 1027
116.63 560.82 1028
499.108 -281.849 1029
552.557 152.618 1030
-560.638 -119.98 1031
-531.9159999999999 214.195 1032
-554.099 -149.086 1033
-555.552 144.819 1034
-172.77900000000002 547.525 1035
-500.98900000000003 -281.46299999999997 1036
-370.42 -440.00300000000004 1037
88.8947 568.4 1038
574.76 -39.3981 1039
-574.57 -45.9266 1040
-329.86699999999996 472.82800000000003 1041
525.1619999999999 -237.873 1042
135.80200000000002 560.535 1043
193.99200000000002 543.23 1044
-450.29 -360.875 1045
390.99 -424.79 1046
88.0002 570.627 1047
-10.2794 578.0369999999999 1048
-42.9681 -576.969 1049
452.634 360.649 1050
495.981 298.357 1051
-570.496 -98.3574 1052
394.352 424.00199999999995 1053
-440.707 377.279 1054
-484.25800000000004 -322.092 1055
-370.94300000000004 447.978 1056
-356.006 -460.399 1057
-37.0626 -580.857 1058
168.007 557.39 1059
488.151 -317.939 1060
319.85900000000004 -486.907 1061
483.79900000000004 325.654 1062
-288.807 -506.814 1063
105.223 -573.822 1064
-338.514 475.415 1065
-558.877 168.699 1066
-252.993 526.156 1067
-538.368 -226.458 1068
-581.216 61.8636 1069
329.082 483.101 1070
-494.939 311.93 1071
289.593 508.708 1072
-285.566 -511.12800000000004 1073
-542.308 -221.71400000000003 1074
540.9019999999999 -225.833 1075
27.8367 -585.687 1076
515.615 -279.77099999999996 1077
488.43199999999996 -325.124 1078
193.782 -554.1990000000001 1079
-539.673 -231.56900000000002 1080
375.583 452.952 1081
-343.075 -478.12300000000005 1082
293.33299999999997 -510.291 1083
-495.67 -317.438 1084
191.52900000000002 -556.637 1085
94.9945 581.46 1086
540.3240000000001 237.365 1087
210.949 -551.255 1088
252.826 -533.394 1089
-516.411 -286.48900000000003 1090
422.52 -413.32 1091
589.9169999999999 42.6411 1092
-57.1952 589.331 1093
-342.28 483.259 1094
-579.077 -126.17299999999999 1095
144.319 -575.014 1096
-582.513 -110.329 1097
578.361 -131.713 1098
-362.715 469.561 1099
-501.02 -318.007 1100
120.697 581.077 1101
226.033 548.868 1102
-350.62800000000004 479.496 1103
193.19299999999998 -561.94 1104
541.427 245.935 1105
-197.78400000000002 560.855 1106
-419.346 -422.116 1107
313.096 505.973 1108
512.316 -303.065 1109
77.9933 590.127 1110
-487.67 -342.11400000000003 1111
577.086 147.92 1112
-72.2889 -591.624 1113
590.563 84.0719 1114
582.999 -129.39 1115
-469.355 370.108 1116
490.375 341.80300000000005 1117
-197.666 564.826 1118
-266.407 535.859 1119
-595.5740000000001 -59.2742 1120
401.06699999999995 -444.727 1121
-46.6593 -598.399 1122
530.399 281.093 1123
-367.764 -474.7 1124
-582.979 146.188 1125
24.3426 -600.981 1126
-588.845 -124.929 1127
-571.7769999999999 192.248 1128
-436.181 -418.1 1129
-509.23400000000004 -325.405 1130
-559.4780000000001 229.903 1131
-602.943 50.7791 1132
112.29899999999999 -594.6 1133
605.56 -11.5965 1134
191.335 -575.1469999999999 1135
-543.556 269.966 1136
92.0245 600.3330000000001 1137
207.679 -570.899 1138
276.879 541.248 1139
-112.43700000000001 597.502 1140
-462.597 -394.968 1141
-589.9209999999999 149.391 1142
-338.719 506.038 1143
-460.584 -398.358 1144
-606.656 -54.7123 1145
398.0 -461.32300000000004 1146
165.71200000000002 586.491 1147
608.339 37.3348 1148
-154.27 589.77 1149
-186.968 -580.6759999999999 1150
-384.57099999999997 -473.834 1151
-554.5409999999999 255.265 1152
282.129 -541.385 1153
-309.796 527.738 1154
3.3774 -612.221 1155
-256.743 557.7819999999999 1156
-323.096 -522.674 1157
452.371 415.986 1158
-13.4496 614.846 1159
-604.5369999999999 -114.094 1160
-521.568 -326.639 1161
367.847 493.37199999999996 1162
-613.377 -52.0551 1163
410.24 459.04 1164
-606.2230000000001 -109.31299999999999 1165
539.4 298.259 1166
398.83 -470.376 1167
369.545 493.796 1168
456.24699999999996 415.167 1169
554.2 -271.39599999999996 1170
-585.109 196.877 1171
-613.4019999999999 71.5141 1172
-109.728 607.781 1173
11.8358 618.404 1174
-337.666 -518.427 1175
-334.79400000000004 -520.356 1176
-612.601 87.6399 1177
242.67 569.991 1178
-611.724 -99.7637 1179
-434.2 -442.545 1180
-609.241 115.079 1181
-185.40099999999998 591.8530000000001 1182
329.517 -525.691 1183
377.615 -492.584 1184
393.99 480.57099999999997 1185
592.705 -190.05700000000002 1186
502.916 -367.301 1187
533.265 -322.51599999999996 1188
-112.31 613.227 1189
441.444 -440.833 1190
-22.0975 -623.5980000000001 1191
-617.001 96.0868 1192
-615.616 -107.678 1193
87.6629 -619.663 1194
256.172 -571.511 1195
76.4928 621.729 1196
-622.612 -71.2679 1197
298.423 551.373 1198
449.065 438.102 1199
541.6519999999999 316.751 1200
620.429 -94.4304 1201
-536.996 324.843 1202
-458.274 -428.874 1203
-55.0409 -625.293 1204
571.905 258.823 1205
-483.556 400.30400000000003 1206
372.965 -505.18300000000005 1207
-450.83099999999996 -437.228 1208
-110.11200000000001 618.535 1209
589.653 217.035 1210
-43.8423 626.866 1211
377.96 -502.043 1212
-623.521 -78.4109 1213
571.393 -261.731 1214
581.881 238.002 1215
192.15200000000002 598.669 1216
-468.306 -419.80699999999996 1217
185.861 601.1030000000001 1218
-251.097 -576.942 1219
-414.901 473.48400000000004 1220
339.51 -530.222 1221
613.187 142.975 1222
601.0740000000001 -189.59599999999998 1223
488.93800000000005 -398.214 1224
406.719 481.92699999999996 1225
471.44199999999995 -419.278 1226
-124.26899999999999 618.5830000000001 1227
627.319 -69.4807 1228
-198.37 -601.249 1229
-340.17800000000005 534.107 1230
225.832 592.1619999999999 1231
296.082 -560.452 1232
454.9 -441.902 1233
627.759 -95.6157 1234
-632.002 62.4065 1235
457.94699999999995 440.10699999999997 1236
-395.379 497.469 1237
-308.569 555.813 1238
-396.51099999999997 -496.93 1239
249.555 -584.8580000000001 1240
110.55799999999999 -626.518 1241
-106.00200000000001 -627.47 1242
191.09799999999998 607.391 1243
-472.79 426.74199999999996 1244
173.77599999999998 613.114 1245
408.17199999999997 -489.689 1246
455.096 447.023 1247
444.67800000000005 457.88199999999995 1248
-185.9 -610.712 1249
-633.243 83.836 1250
112.801 -628.748 1251
-346.531 -536.82 1252
592.428 239.43400000000003 1253
566.433 296.107 1254
278.006 576.4730000000001 1255
608.034 200.21099999999998 1256
20.9557 639.93 1257
522.641 370.077 1258
-313.78 -558.317 1259
165.574 -618.694 1260
107.36 631.7819999999999 1261
603.913 215.533 1262
-473.12199999999996 -433.86 1263
306.077 564.451 1264
578.5980000000001 279.768 1265
615.942 183.80900000000003 1266
576.637 284.31 1267
632.121 -117.397 1268
-633.62 -109.351 1269
-521.423 -376.699 1270
517.763 -382.42699999999996 1271
-64.8232 -640.445 1272
-617.131 184.234 1273
-405.793 -500.251 1274
450.32800000000003 -462.066 1275
497.777 410.69199999999995 1276
645.53 35.2111 1277
641.131 -84.8774 1278
-135.44 633.133 1279
-38.1349 646.393 1280
236.505 604.4119999999999 1281
-548.524 348.276 1282
649.548 18.1067 1283
-31.6939 -649.069 1284
347.04900000000004 -549.505 1285
65.3378 -646.998 1286
-648.141 -52.9188 1287
-629.65 -165.35299999999998 1288
111.80799999999999 641.881 1289
-598.469 257.885 1290
40.3622 650.687 1291
-542.607 -361.398 1292
-369.598 537.371 1293
651.581 -32.0154 1294
-573.9069999999999 -310.368 1295
-15.4042 652.4 1296
-421.806 -498.033 1297
-183.61 -627.279 1298
634.889 155.749 1299
-45.0313 -652.217 1300
-219.72400000000002 -615.982 1301
300.777 -580.8340000000001 1302
-497.759 424.351 1303
444.856 480.032 1304
373.662 537.668 1305
-555.665 -347.13800000000003 1306
-557.09 -345.24800000000005 1307
-324.972 569.882 1308
479.75199999999995 447.986 1309
326.998 569.408 1310
-574.389 -318.474 1311
-393.876 -525.84 1312
354.77099999999996 -553.492 1313
-236.69400000000002 613.6990000000001 1314
-228.12400000000002 617.221 1315
531.626 389.319 1316
236.34599999999998 -615.22 1317
-659.414 -24.4355 1318
-346.59 561.77 1319
658.595 -46.6786 1320
-418.68 511.305 1321
-582.5 -312.334 1322
-542.063 378.73199999999997 1323
231.597 619.563 1324
470.17900000000003 465.64300000000003 1325
-537.313 -386.916 1326
-578.263 322.77099999999996 1327
-634.857 -189.394 1328
-98.8473 656.285 1329
32.5644 663.002 1330
597.489 -289.547 1331
-586.558 311.557 1332
-516.826 417.284 1333
-581.4069999999999 321.881 1334
-636.622 191.893 1335
-13.2286 -665.372 1336
-384.315 543.3580000000001 1337
216.77900000000002 629.498 1338
-553.365 370.353 1339
-582.525 322.901 1340
88.18 660.196 1341
-164.91 645.341 1342
327.052 580.55 1343
193.90400000000002 637.545 1344
622.645 237.97799999999998 1345
386.709 543.1669999999999 1346
-546.536 -381.974 1347
659.4939999999999 99.06200000000001 1348
247.648 -619.649 1349
-506.962 -433.92199999999997 1350
-333.277 578.401 1351
664.5110000000001 -65.3821 1352
106.37899999999999 660.0830000000001 1353
520.2669999999999 -420.57300000000004 1354
507.77099999999996 435.625 1355
-513.302 429.184 1356
667.63 -51.1529 1357
659.0060000000001 -119.023 1358
598.716 -300.121 1359
497.515 -448.401 1360
499.565 -446.42400000000004 1361
-316.623 590.51 1362
-346.365 573.88 1363
626.285 -241.081 1364
-264.75 616.9730000000001 1365
663.547 103.988 1366
549.578 -386.51099999999997 1367
-334.414 -582.891 1368
-578.2040000000001 -343.64300000000003 1369
602.687 -299.853 1370
-132.75799999999998 660.2289999999999 1371
-69.2413 670.03 1372
178.18099999999998 -649.8969999999999 1373
625.57 -250.782 1374
227.502 634.578 1375
388.846 -550.754 1376
-596.24 314.908 1377
-216.166 -639.115 1378
674.4939999999999 30.8856 1379
-640.534 -214.067 1380
675.15 -20.3593 1381
-40.582 674.3689999999999 1382
-425.38199999999995 -524.974 1383
-307.24 601.935 1384
-420.66 529.222 1385
139.813 -661.743 1386
-76.8045 -672.206 1387
-640.969 -217.14 1388
54.4231 -674.66 1389
-214.648 -642.089 1390
-642.143 214.963 1391
-97.2551 -670.171 1392
42.1996 676.791 1393
109.932 -669.2610000000001 1394
678.698 -3.89614 1395
569.303 -369.61300000000006 1396
-490.852 -469.17900000000003 1397
-671.207 106.708 1398
280.048 -619.269 1399
-326.819 595.9780000000001 1400
-543.471 408.361 1401
-643.102 221.768 1402
609.174 303.631 1403
-479.926 483.212 1404
-455.60400000000004 -506.66 1405
665.937 -144.95 1406
169.458 660.383 1407
573.998 -368.041 1408
-436.02 -524.242 1409
-22.7779 -681.551 1410
-594.9 -333.418 1411
-50.8627 -680.238 1412
629.613 262.687 1413
67.107 678.9760000000001 1414
633.061 255.15 1415
180.618 658.507 1416
-410.82099999999997 545.9 1417
-653.705 200.173 1418
537.977 -422.515 1419
-672.428 -128.496 1420
501.43699999999995 -466.17 1421
-72.8537 -681.2539999999999 1422
612.51 307.381 1423
-60.9923 682.6260000000001 1424
-623.964 283.79400000000004 1425
-643.7090000000001 -236.403 1426
29.7159 -685.393 1427
-679.743 92.9358 1428
-294.139 620.361 1429
324.622 605.136 1430
-686.7710000000001 6.98733 1431
-471.834 -499.18699999999995 1432
-58.9161 684.441 1433
520.923 -448.26300000000003 1434
-516.957 453.17400000000004 1435
674.944 132.839 1436
-518.4259999999999 452.157 1437
-213.69400000000002 654.575 1438
687.206 -47.0273 1439
-688.137 34.9157 1440
-611.363 -318.561 1441
-456.82199999999995 516.508 1442
20.97 -689.5260000000001 1443
-242.898 645.888 1444
156.45 -672.2289999999999 1445
669.705 -167.6 1446
-562.4259999999999 400.858 1447
-690.013 -33.5576 1448
159.405 672.432 1449
-435.81300000000005 536.418 1450
317.66900000000004 -613.925 1451
-285.42900000000003 629.8 1452
-126.15299999999999 -679.928 1453
691.553 -19.6328 1454
569.8 -393.94599999999997 1455
-435.25699999999995 540.259 1456
-435.705 -540.24 1457
-305.441 -623.244 1458
-110.785 685.2639999999999 1459
-193.22799999999998 667.091 1460
694.1560000000001 -30.8808 1461
-556.935 415.941 1462
-678.685 154.13299999999998 1463
353.879 -599.39 1464
-525.932 456.01 1465
-474.59 509.478 1466
-695.6439999999999 30.4334 1467
1.01611 -696.323 1468
-438.861 -540.6569999999999 1469
-97.6531 689.4830000000001 1470
-582.775 383.04 1471
646.045 -266.546 1472
642.508 275.108 1473
690.605 107.625 1474
659.341 232.49099999999999 1475
667.2760000000001 209.04 1476
-697.064 -56.4236 1477
-675.262 182.261 1478
243.21099999999998 -656.002 1479
-467.28 520.8530000000001 1480
-27.8891 699.572 1481
-501.79699999999997 -489.233 1482
697.3910000000001 76.3776 1483
474.37699999999995 -517.518 1484
564.099 417.921 1485
-110.34 -693.515 1486
594.941 -373.486 1487
-435.811 551.086 1488
383.495 -588.86 1489
701.7869999999999 -37.2687 1490
-619.257 332.55300000000005 1491
-86.7904 -697.577 1492
-683.567 -165.245 1493
-122.87100000000001 -692.4910000000001 1494
-218.111 -669.25 1495
-627.385 -319.752 1496
-698.3910000000001 -91.2529 1497
571.096 -412.654 1498
-704.913 -0.639792 1499
333.13599999999997 -621.317 1500
642.383 -291.3 1501
567.839 419.151 1502
706.078 7.898960000000001 1503
697.324 111.134 1504
-657.862 -257.21299999999997 1505
52.2686 704.543 1506
-648.984 -280.182 1507
-705.145 55.7697 1508
-421.135 568.489 1509
591.613 388.589 1510
-661.195 -252.69 1511
-631.001 -321.329 1512
693.676 -142.417 1513
-54.3668 706.322 1514
-539.11 -459.981 1515
-403.292 583.112 1516
160.045 -690.8430000000001 1517
-696.672 133.109 1518
-650.107 -284.063 1519
463.685 537.002 1520
433.923 -561.645 1521
173.74200000000002 -688.283 1522
-702.966 -100.62899999999999 1523
-683.252 194.282 1524
425.858 568.814 1525
540.5980000000001 -462.00699999999995 1526
-211.891 -679.337 1527
395.965 591.573 1528
-576.198 -418.269 1529
115.32 702.715 1530
79.4262 707.79 1531
379.908 -602.587 1532
657.8539999999999 273.365 1533
-192.283 -686.323 1534
-259.642 -664.0039999999999 1535
-74.7112 709.556 1536
-490.597 -518.096 1537
654.837 283.64 1538
-643.118 -310.084 1539
-201.558 685.584 1540
647.59 -302.591 1541
147.569 -699.4889999999999 1542
529.383 480.58 1543
-704.171 124.39 1544
-639.437 320.647 1545
108.79899999999999 -707.831 1546
-191.488 -690.07 1547
686.185 205.245 1548
630.844 339.211 1549
715.2330000000001 41.413999999999994 1550
-34.4017 715.618 1551
-641.327 319.41 1552
-256.374 -669.2080000000001 1553
694.185 -179.13 1554
-582.427 418.098 1555
-530.004 -483.24199999999996 1556
-694.525 179.731 1557
-481.151 -532.2080000000001 1558
89.2885 712.291 1559
573.534 -432.039 1560
645.22 -315.263 1561
-277.981 662.346 1562
-255.03599999999997 -671.895 1563
-286.802 659.1110000000001 1564
644.607 319.282 1565
127.42399999999999 -708.2189999999999 1566
-316.665 -646.318 1567
-693.5060000000001 193.15 1568
-218.692 -685.925 1569
539.308 -477.05699999999996 1570
-319.938 -645.2869999999999 1571
-461.99300000000005 552.66 1572
-479.778 -537.374 1573
599.351 -399.69699999999995 1574
-575.177 433.849 1575
717.7560000000001 67.2338 1576
281.751 663.66 1577
376.62699999999995 -614.804 1578
-634.4680000000001 343.402 1579
-243.52200000000002 -679.1669999999999 1580
69.6246 718.4830000000001 1581
606.813 391.171 1582
721.58 -29.693 1583
177.41 700.4960000000001 1584
325.605 645.154 1585
650.4540000000001 314.996 1586
375.085 618.535 1587
-238.081 -683.3639999999999 1588
442.82800000000003 -572.66 1589
131.58 712.52 1590
316.78700000000003 651.6709999999999 1591
-374.28 620.933 1592
-712.448 135.929 1593
-679.1389999999999 255.295 1594
565.28 -455.07800000000003 1595
-455.50699999999995 564.9590000000001 1596
425.015 -588.697 1597
605.832 400.254 1598
233.438 -687.753 1599
-151.822 -711.0160000000001 1600
-184.083 703.453 1601
-307.911 659.45 1602
157.661 710.584 1603
155.458 -711.431 1604
526.646 -502.97900000000004 1605
-358.173 635.512 1606
-585.882 434.723 1607
729.893 -1.28904 1608
354.151 -638.235 1609
-166.146 710.836 1610
-668.7860000000001 293.597 1611
-604.626 409.773 1612
-22.2507 730.2710000000001 1613
361.463 -634.987 1614
-546.1469999999999 -485.486 1615
652.479 -329.311 1616
667.6439999999999 -297.652 1617
-589.999 431.588 1618
260.04200000000003 -683.8539999999999 1619
-155.349 715.003 1620
-478.658 -553.518 1621
731.933 -26.0233 1622
-696.115 -227.828 1623
-593.384 429.403 1624
144.487 -718.2919999999999 1625
-0.35235500000000003 732.8 1626
-302.737 667.3969999999999 1627
-258.17900000000003 -686.0830000000001 1628
650.253 -338.54400000000004 1629
-732.962 -20.4212 1630
395.577 -617.661 1631
-577.722 -452.702 1632
-729.637 -80.8321 1633
397.63699999999994 -617.712 1634
-735.431 -4.56263 1635
735.0889999999999 -26.7676 1636
-431.595 595.826 1637
-419.381 604.641 1638
-594.923 433.17900000000003 1639
731.3910000000001 84.0635 1640
-450.642 582.25 1641
686.3789999999999 -266.925 1642
-445.16900000000004 -586.719 1643
-735.9830000000001 30.0937 1644
692.363 251.828 1645
-713.0369999999999 -186.053 1646
-669.689 -307.688 1647
393.681 623.057 1648
84.0829 732.297 1649
736.7260000000001 -35.7462 1650
-580.143 456.222 1651
661.534 -327.471 1652
515.122 529.797 1653
-2.33003 739.335 1654
-77.3281 735.414 1655
-622.201 -399.779 1656
-725.555 144.433 1657
670.789 312.323 1658
282.39099999999996 -684.466 1659
-434.69699999999995 599.488 1660
-648.305 -359.04400000000004 1661
-294.791 679.9939999999999 1662
-407.00699999999995 619.78 1663
162.122 723.655 1664
-659.8960000000001 -338.527 1665
66.113 -738.793 1666
380.876 637.557 1667
-694.842 265.753 1668
542.599 -509.1 1669
614.851 -419.407 1670
713.518 -213.025 1671
-581.143 466.286 1672
-372.825 -645.144 1673
-690.3810000000001 281.474 1674
629.873 -399.06800000000004 1675
-740.752 90.1923 1676
-635.696 -391.251 1677
-233.321 709.4810000000001 1678
169.706 727.935 1679
667.791 -336.404 1680
592.568 -456.57800000000003 1681
-743.7919999999999 -80.6541 1682
595.994 452.94699999999995 1683
218.929 -716.2180000000001 1684
746.284 -64.1664 1685
-467.898 -585.445 1686
735.743 144.667 1687
455.79699999999997 -595.799 1688
-690.7189999999999 293.168 1689
551.475 509.106 1690
-253.09799999999998 707.24 1691
532.783 529.6 1692
-469.639 586.38 1693
-96.0163 745.79 1694
292.031 -692.93 1695
607.663 -443.30400000000003 1696
-687.415 -305.56 1697
-711.238 245.37 1698
726.702 194.868 1699
-32.3242 -751.785 1700
459.735 -596.091 1701
670.9860000000001 341.468 1702
-171.49099999999999 733.115 1703
-596.675 -460.279 1704
-646.466 -387.26300000000003 1705
-722.682 -213.877 1706
-447.894 606.1469999999999 1707
173.63299999999998 734.0110000000001 1708
208.68099999999998 -725.043 1709
-658.707 368.015 1710
-751.541 72.4082 1711
-496.741 -568.974 1712
91.8332 -749.975 1713
-128.764 -744.6489999999999 1714
-340.389 674.7289999999999 1715
-376.71 -655.697 1716
-494.26800000000003 572.5409999999999 1717
-488.39599999999996 -578.122 1718
272.416 706.568 1719
725.0269999999999 -218.89 1720
613.7090000000001 -443.965 1721
712.2689999999999 260.163 1722
64.4357 -755.745 1723
-212.291 728.2189999999999 1724
639.332 -408.491 1725
-190.50900000000001 -734.471 1726
279.043 -705.625 1727
736.378 -183.74400000000003 1728
-533.592 539.8919999999999 1729
-278.334 706.4110000000001 1730
759.3910000000001 19.3535 1731
-722.533 236.175 1732
693.7810000000001 -312.499 1733
102.2 -754.618 1734
748.8760000000001 -139.529 1735
-51.9953 -760.18 1736
466.75699999999995 -602.906 1737
-351.70099999999996 676.737 1738
-762.695 -4.085719999999999 1739
746.664 -157.222 1740
744.653 167.185 1741
495.167 581.247 1742
642.069 -413.55300000000005 1743
-311.776 -697.436 1744
-374.358 -666.434 1745
-132.659 -753.064 1746
-514.604 -565.757 1747
-116.564 -756.096 1748
-638.947 420.93199999999996 1749
201.861 -738.1080000000001 1750
-325.649 -692.559 1751
716.704 -268.778 1752
765.388 -12.0964 1753
-286.38599999999997 -709.9739999999999 1754
-194.956 -740.7310000000001 1755
-513.538 -568.852 1756
-424.353 638.2919999999999 1757
-466.74 608.165 1758
420.835 -640.844 1759
496.994 584.063 1760
765.5039999999999 47.5015 1761
564.786 -519.023 1762
-562.133 521.936 1763
549.289 -535.809 1764
-88.5537 -762.4010000000001 1765
63.8607 -764.91 1766
-701.497 311.84 1767
732.914 -228.91099999999997 1768
-765.177 -64.008 1769
219.188 736.4989999999999 1770
-729.8969999999999 -240.327 1771
562.257 -523.814 1772
318.22900000000004 700.133 1773
458.6 617.742 1774
236.613 -732.684 1775
-596.366 -487.283 1776
-116.521 -761.378 1777
715.0889999999999 -286.427 1778
-564.17 524.595 1779
748.904 180.919 1780
97.1988 -764.556 1781
263.978 -724.102 1782
-159.029 754.2460000000001 1783
-26.3928 770.444 1784
770.6189999999999 -24.5008 1785
81.1839 -766.942 1786
-761.921 119.574 1787
572.131 517.303 1788
-584.859 503.401 1789
243.90200000000002 -732.465 1790
643.399 -426.755 1791
-194.38299999999998 -747.4889999999999 1792
-698.73 -329.16900000000004 1793
-431.129 640.915 1794
472.371 -611.196 1795
-688.6469999999999 -350.57599999999996 1796
596.387 491.43 1797
-330.084 698.9760000000001 1798
-189.572 749.758 1799
-538.855 554.884 1800
-257.733 -729.365 1801
-685.582 -359.481 1802
-594.06 -497.065 1803
731.145 -256.79200000000003 1804
380.286 -675.3380000000001 1805
744.515 -216.532 1806
422.376 650.312 1807
2.1482200000000002 -775.7139999999999 1808
-705.556 322.543 1809
-410.19599999999997 659.012 1810
-659.541 -410.44199999999995 1811
415.843 -656.622 1812
54.8419 775.582 1813
-624.09 463.79 1814
-534.2230000000001 564.979 1815
266.639 730.6010000000001 1816
566.732 -532.774 1817
-129.593 -767.193 1818
-712.194 -313.32099999999997 1819
501.798 594.687 1820
-376.11 -681.175 1821
-674.6669999999999 -387.841 1822
51.2997 776.717 1823
-80.9708 774.2869999999999 1824
-530.845 569.947 1825
-324.379 708.21 1826
-600.18 -497.695 1827
36.772 779.4680000000001 1828
308.685 -716.7710000000001 1829
780.335 19.5545 1830
-168.261 762.323 1831
-44.1323 -779.82 1832
695.308 -356.423 1833
291.027 -725.4169999999999 1834
435.94699999999995 -648.88 1835
-99.4777 775.3910000000001 1836
-238.18900000000002 -744.689 1837
-666.5319999999999 409.07099999999997 1838
-667.712 -407.402 1839
-731.107 278.30400000000003 1840
186.343 760.477 1841
-370.272 -690.028 1842
-359.798 -695.705 1843
708.757 333.722 1844
-752.175 219.933 1845
-701.669 -349.001 1846
-783.2230000000001 -31.1073 1847
509.81199999999995 595.849 1848
401.75 -673.6619999999999 1849
-783.628 34.1648 1850
663.9789999999999 -418.851 1851
-187.953 -762.941 1852
679.755 394.191 1853
-701.6210000000001 -353.915 1854
-143.60399999999998 772.7719999999999 1855
270.89599999999996 -738.0830000000001 1856
643.989 -451.713 1857
-130.719 -775.9780000000001 1858
278.724 736.17 1859
-528.818 583.094 1860
-632.518 -468.914 1861
691.18 -377.586 1862
-773.395 149.555 1863
709.8330000000001 -341.569 1864
-619.047 487.494 1865
-697.2819999999999 -367.38 1866
788.122 15.3417 1867
561.3480000000001 -553.46 1868
-36.1324 -787.842 1869
597.717 517.247 1870
458.18699999999995 -644.388 1871
340.18300000000005 713.8480000000001 1872
419.913 -670.503 1873
776.303 154.78799999999998 1874
700.9730000000001 -368.051 1875
361.332 -705.0039999999999 1876
124.306 782.431 1877
751.39 -251.804 1878
591.748 -527.145 1879
-601.505 -516.138 1880
3.5995699999999995 -792.762 1881
266.822 746.7739999999999 1882
272.763 744.8660000000001 1883
-501.814 614.4580000000001 1884
-249.769 752.998 1885
-587.472 533.362 1886
792.9680000000001 37.7913 1887
621.88 -493.478 1888
391.05400000000003 -690.8939999999999 1889
5.60136 -793.913 1890
-787.309 102.975 1891
481.04699999999997 631.744 1892
682.062 407.44 1893
357.59 709.5319999999999 1894
725.9960000000001 323.062 1895
-542.42 -580.947 1896
290.464 -739.847 1897
-402.52 -685.5319999999999 1898
-481.00300000000004 -633.2080000000001 1899
195.62599999999998 -771.13 1900
746.1410000000001 -277.532 1901
320.591 728.689 1902
699.9739999999999 380.965 1903
-745.6469999999999 -281.415 1904
-122.713 -787.4889999999999 1905
796.941 9.92908 1906
-354.19 714.596 1907
789.211 -115.47 1908
736.395 -306.503 1909
-648.27 465.099 1910
105.102 791.055 1911
351.031 716.826 1912
-690.597 400.407 1913
-104.434 -791.702 1914
786.191 147.724 1915
568.097 563.2130000000001 1916
-156.592 -784.56 1917
-798.0369999999999 58.9686 1918
-349.31300000000005 720.02 1919
-771.953 -212.05 1920
-132.851 789.5319999999999 1921
-481.94599999999997 -639.6469999999999 1922
484.31199999999995 -638.376 1923
-682.904 419.68699999999995 1924
356.772 717.783 1925
-780.503 183.8 1926
-72.0356 799.3589999999999 1927
-228.738 769.435 1928
-800.762 56.7075 1929
309.265 -740.8510000000001 1930
-625.244 -504.07800000000003 1931
-744.312 -301.732 1932
786.209 -164.66099999999997 1933
-369.921 -713.19 1934
-768.278 -235.38299999999998 1935
-573.909 562.418 1936
797.18 -103.389 1937
330.119 -732.992 1938
739.4119999999999 -315.69 1939
-240.55200000000002 -767.3860000000001 1940
736.887 -322.173 1941
374.806 711.71 1942
-767.285 -241.78599999999997 1943
-774.0319999999999 -219.793 1944
-803.747 39.0571 1945
-451.191 -667.183 1946
-100.948 -799.202 1947
-11.2387 -805.475 1948
-606.597 -530.5319999999999 1949
22.1731 805.712 1950
314.223 -742.3389999999999 1951
291.133 751.72 1952
-737.26 326.58799999999997 1953
-708.062 386.227 1954
-642.864 487.344 1955
444.519 673.6289999999999 1956
717.29 -369.98400000000004 1957
802.564 85.5955 1958
282.187 -756.2230000000001 1959
709.945 384.61 1960
786.2710000000001 184.892 1961
-686.965 424.94300000000004 1962
764.921 259.66 1963
-289.23400000000004 -754.2819999999999 1964
439.99699999999996 677.7080000000001 1965
704.45 396.847 1966
796.7860000000001 137.79399999999998 1967
0.600433 -808.7189999999999 1968
768.836 -251.178 1969
294.491 753.677 1970
-243.39 -771.9060000000001 1971
-756.669 -287.58799999999997 1972
-808.7510000000001 39.1679 1973
347.57300000000004 731.307 1974
-616.474 525.111 1975
734.28 -341.48900000000003 1976
726.808 -357.14300000000003 1977
475.83 656.2310000000001 1978
-807.946 66.3582 1979
620.783 -521.4209999999999 1980
747.8430000000001 -315.216 1981
-753.105 303.099 1982
-809.7860000000001 57.6672 1983
259.781 -769.237 1984
-389.449 712.554 1985
661.2339999999999 -471.399 1986
178.562 792.346 1987
6.99315 812.618 1988
-676.952 449.619 1989
215.83599999999998 783.803 1990
744.1419999999999 327.904 1991
-813.2460000000001 -14.9749 1992
-738.758 340.50800000000004 1993
744.928 -327.563 1994
-516.1419999999999 629.5 1995
-344.884 -737.41 1996
465.92199999999997 -667.74 1997
-611.895 537.46 1998
83.2188 810.191 1999
-355.895 732.836 2000
-662.645 -474.17699999999996 2001
-805.794 -122.605 2002
712.6339999999999 -395.764 2003
772.1080000000001 -262.991 2004
728.321 -367.764 2005
482.681 -658.2360000000001 2006
681.7689999999999 448.92800000000005 2007
-629.148 -520.501 2008
-744.78 -334.80400000000003 2009
-756.957 306.54200000000003 2010
-398.76300000000003 712.809 2011
-354.845 -735.732 2012
816.883 6.05288 2013
94.5781 811.722 2014
-301.08299999999997 759.77 2015
-817.331 -7.26394 2016
-807.388 -128.089 2017
-788.3710000000001 -217.257 2018
292.128 764.105 2019
778.814 -251.424 2020
23.9112 818.1669999999999 2021
817.695 -37.1453 2022
411.846 -707.3939999999999 2023
240.93200000000002 -782.34 2024
-528.658 -625.18 2025
-427.07199999999995 -698.618 2026
-11.9937 -818.727 2027
482.54699999999997 661.83 2028
-548.415 608.382 2029
-640.389 -511.63599999999997 2030
-820.145 -9.99565 2031
-149.214 806.8489999999999 2032
-805.346 158.884 2033
721.258 392.20099999999996 2034
462.34 -678.6510000000001 2035
-614.559 544.66 2036
467.335 -675.26 2037
-763.0889999999999 303.751 2038
819.31 -58.3022 2039
-195.532 797.97 2040
231.477 789.235 2041
-512.384 -643.753 2042
-38.5667 -821.935 2043
-98.9331 816.873 2044
785.8910000000001 244.127 2045
108.2 -815.802 2046
-803.15 179.80599999999998 2047
402.19800000000004 -718.203 2048
-804.752 -173.171 2049
578.321 -586.797 2050
103.693 -817.665 2051
783.291 257.257 2052
-13.6694 824.4639999999999 2053
311.254 -763.7669999999999 2054
807.944 167.021 2055
221.21099999999998 794.8589999999999 2056
473.45599999999996 676.08 2057
810.341 157.715 2058
-105.43799999999999 -818.834 2059
-734.936 -376.23699999999997 2060
738.9119999999999 -368.45099999999996 2061
636.837 525.762 2062
-716.6389999999999 -410.908 2063
-661.1010000000001 -495.55400000000003 2064
-121.291 817.9119999999999 2065
-603.548 565.32 2066
238.079 -792.14 2067
-790.2239999999999 244.48 2068
237.796 792.457 2069
-606.262 -563.39 2070
777.365 285.323 2071
-697.212 447.30400000000003 2072
672.62 483.60699999999997 2073
781.672 -274.699 2074
497.95300000000003 662.309 2075
-81.322 -824.862 2076
825.27 80.5636 2077
548.98 621.6569999999999 2078
735.919 383.01 2079
-547.399 623.495 2080
20.9421 -829.622 2081
380.45300000000003 737.582 2082
-369.26199999999994 743.3510000000001 2083
-819.635 -133.075 2084
-509.74699999999996 -655.7919999999999 2085
-134.172 -819.758 2086
-631.964 539.871 2087
309.366 771.475 2088
-587.04 588.486 2089
551.455 -623.214 2090
-785.4689999999999 -275.134 2091
594.413 582.66 2092
-831.518 42.9211 2093
-656.898 512.048 2094
-280.697 784.317 2095
8.57602 833.067 2096
-824.4839999999999 -119.65100000000001 2097
-756.664 348.91 2098
806.8839999999999 208.843 2099
-704.3580000000001 -446.004 2100
-777.3 -302.337 2101
-135.194 -823.0039999999999 2102
833.888 -18.136 2103
359.385 752.727 2104
-490.71 674.7439999999999 2105
-126.447 824.691 2106
-189.683 812.552 2107
-206.075 -808.77 2108
-814.0089999999999 185.67 2109
-789.551 -272.115 2110
-151.173 821.546 2111
799.1560000000001 244.355 2112
-675.252 -492.675 2113
-614.832 566.3430000000001 2114
-236.449 -801.826 2115
833.863 60.6698 2116
-251.58599999999998 797.99 2117
-583.823 599.879 2118
185.33 816.388 2119
-481.848 -684.6239999999999 2120
80.4924 833.6560000000001 2121
-242.94099999999997 -802.768 2122
-728.3860000000001 -416.205 2123
-791.186 -279.133 2124
166.44 -822.553 2125
182.40900000000002 819.304 2126
-312.154 779.183 2127
771.568 -331.61 2128
407.403 -735.294 2129
143.72899999999998 -828.3739999999999 2130
785.825 -299.309 2131
409.38 734.5239999999999 2132
-506.356 -671.595 2133
150.139 -827.627 2134
821.327 182.912 2135
841.612 0.7067760000000001 2136
58.3829 839.758 2137
-588.2040000000001 -602.285 2138
830.0980000000001 141.201 2139
-420.26800000000003 -730.178 2140
838.309 84.7942 2141
-493.269 -683.2 2142
-121.398 -833.9069999999999 2143
442.755 -717.163 2144
-408.57599999999996 -737.181 2145
-503.348 676.172 2146
-822.9989999999999 -183.31599999999997 2147
-576.996 -615.832 2148
-370.67199999999997 758.3710000000001 2149
-842.072 61.5893 2150
-376.556 755.812 2151
-715.048 -449.59 2152
176.419 826.502 2153
493.57099999999997 686.178 2154
-334.156 -776.45 2155
203.68099999999998 -820.528 2156
-18.4993 845.382 2157
-530.106 -658.795 2158
-845.4989999999999 -15.1572 2159
-71.4225 -842.721 2160
26.7154 845.3839999999999 2161
640.966 -552.88 2162
429.67699999999996 -729.3739999999999 2163
845.627 -43.2856 2164
736.668 418.055 2165
-736.2810000000001 419.395 2166
291.553 795.6360000000001 2167
-282.382 799.451 2168
-838.216 -128.039 2169
-759.315 -377.902 2170
192.69099999999997 826.243 2171
-795.711 -294.524 2172
-312.003 789.523 2173
352.93199999999996 772.145 2174
717.012 -454.63199999999995 2175
-842.4839999999999 -106.75299999999999 2176
537.002 657.944 2177
-769.179 360.37699999999995 2178
845.811 78.3334 2179
-839.829 128.276 2180
-837.694 -142.986 2181
-152.575 -836.197 2182
-53.3562 -848.403 2183
-798.69 -291.118 2184
-825.196 -204.75900000000001 2185
-390.03 755.7189999999999 2186
-545.23 -653.049 2187
38.2564 849.8789999999999 2188
-751.953 -398.661 2189
653.955 -544.891 2190
841.2289999999999 133.876 2191
300.937 -797.2669999999999 2192
-319.991 790.082 2193
141.328 840.89 2194
-765.293 376.18 2195
-758.806 -389.405 2196
731.753 438.43699999999995 2197
-405.167 -750.975 2198
-842.2610000000001 -137.305 2199
-566.254 -639.2 2200
-304.725 -797.935 2201
-769.8589999999999 370.305 2202
-795.2289999999999 -312.53 2203
-770.7289999999999 -369.035 2204
-261.29 -813.71 2205
763.007 385.343 2206
-839.592 160.497 2207
607.475 -601.77 2208
567.411 639.69 2209
834.329 -188.292 2210
-724.115 -455.338 2211
-521.913 677.7739999999999 2212
-393.407 759.7230000000001 2213
-850.903 -94.7017 2214
246.99200000000002 819.831 2215
-378.024 -768.459 2216
137.344 -845.327 2217
-823.0160000000001 236.865 2218
820.45 246.41099999999997 2219
711.3969999999999 -477.468 2220
-698.404 -496.341 2221
192.048 835.97 2222
-842.982 -158.814 2223
481.05400000000003 710.3560000000001 2224
-289.754 -807.628 2225
-149.925 -844.8430000000001 2226
-789.355 336.561 2227
67.0509 855.5889999999999 2228
-740.2739999999999 -434.495 2229
-826.296 -232.58900000000003 2230
858.493 -0.8946149999999999 2231
858.613 -8.42939 2232
-333.009 791.847 2233
465.624 -722.346 2234
672.5160000000001 -535.1469999999999 2235
-660.62 549.8240000000001 2236
168.68200000000002 -842.794 2237
716.416 475.035 2238
522.738 682.635 2239
-576.065 638.5830000000001 2240
-411.371 755.35 2241
-562.091 651.293 2242
621.242 595.2080000000001 2243
803.703 308.45799999999997 2244
374.397 775.235 2245
-150.42 -847.695 2246
818.65 -266.57099999999997 2247
668.523 542.6619999999999 2248
-11.5287 -860.993 2249
-857.806 78.8576 2250
-848.184 -151.459 2251
-286.37 -812.753 2252
-116.79700000000001 -853.885 2253
-18.194000000000003 -862.18 2254
507.642 697.317 2255
-799.7080000000001 323.688 2256
829.262 -239.035 2257
285.996 -814.4680000000001 2258
399.491 -765.328 2259
-401.92800000000005 764.169 2260
-798.578 328.39599999999996 2261
-612.684 608.596 2262
-255.22799999999998 825.437 2263
736.44 452.329 2264
-152.916 -850.668 2265
286.933 815.596 2266
-863.617 41.9217 2267
-664.5089999999999 553.664 2268
836.8660000000001 218.61700000000002 2269
854.9989999999999 130.85399999999998 2270
-859.8389999999999 -96.02 2271
237.60299999999998 832.125 2272
-598.815 -624.93 2273
320.32 -804.075 2274
-282.343 818.319 2275
-433.957 -749.448 2276
861.702 88.4155 2277
794.247 345.966 2278
506.8 -702.809 2279
-687.809 527.238 2280
-690.284 -524.716 2281
-454.0 738.7260000000001 2282
-526.034 -689.4069999999999 2283
830.705 248.858 2284
778.568 382.5 2285
-846.8760000000001 188.14700000000002 2286
-375.029 782.2869999999999 2287
-856.166 -143.834 2288
832.488 246.635 2289
704.695 507.343 2290
-328.13599999999997 804.145 2291
314.957 -809.441 2292
331.699 802.8910000000001 2293
-618.481 610.097 2294
-234.757 837.1439999999999 2295
808.612 -319.937 2296
628.722 -600.8430000000001 2297
-366.486 788.9830000000001 2298
-707.003 507.39599999999996 2299
-810.5039999999999 317.41700000000003 2300
-489.57800000000003 719.846 2301
452.82 743.7239999999999 2302
499.745 713.0419999999999 2303
406.51599999999996 770.1469999999999 2304
207.62099999999998 845.857 2305
-630.229 601.239 2306
569.5840000000001 659.16 2307
640.47 -590.719 2308
581.254 -649.366 2309
-736.4119999999999 -466.755 2310
-754.638 436.913 2311
872.4680000000001 -9.746839999999999 2312
-870.579 60.5999 2313
-815.8989999999999 -309.835 2314
-824.685 286.486 2315
-91.0691 868.3639999999999 2316
-355.834 -797.6089999999999 2317
-647.903 -585.819 2318
868.46 94.6539 2319
697.936 525.423 2320
327.33 -810.041 2321
-420.30400000000003 766.0239999999999 2322
235.417 -841.4810000000001 2323
-645.156 -589.6990000000001 2324
872.525 59.9682 2325
-293.828 -823.841 2326
-871.383 79.7186 2327
-777.738 -401.276 2328
-259.305 835.927 2329
514.3430000000001 708.332 2330
-450.50300000000004 750.65 2331
865.4830000000001 132.066 2332
175.63299999999998 -857.8330000000001 2333
609.9259999999999 628.268 2334
604.2230000000001 -633.909 2335
589.961 647.396 2336
-525.047 701.508 2337
-864.4 -145.366 2338
-469.532 740.8689999999999 2339
-723.784 -495.474 2340
840.7 -250.25099999999998 2341
303.209 823.1410000000001 2342
768.9989999999999 422.42800000000005 2343
64.8819 875.0310000000001 2344
789.671 -382.82300000000004 2345
672.97 -563.269 2346
877.5369999999999 12.6548 2347
-216.137 850.618 2348
502.721 -719.403 2349
876.495 50.1591 2350
-561.6759999999999 674.89 2351
583.57 -656.2460000000001 2352
836.8480000000001 -267.328 2353
870.8919999999999 116.177 2354
-656.4580000000001 584.5169999999999 2355
-749.1239999999999 -461.17199999999997 2356
-807.321 -350.181 2357
-102.65799999999999 874.005 2358
850.7710000000001 -225.05 2359
843.944 249.575 2360
-237.61900000000003 847.615 2361
743.692 471.315 2362
-607.375 -637.683 2363
-784.961 -399.505 2364
850.202 230.44 2365
-866.279 161.178 2366
790.028 390.582 2367
-70.3151 878.6460000000001 2368
182.482 -862.915 2369
783.712 -404.909 2370
-362.4 -804.633 2371
-785.265 402.675 2372
-715.7330000000001 -516.612 2373
757.069 454.11400000000003 2374
-860.745 -197.43400000000003 2375
-499.09 -728.86 2376
-788.865 397.904 2377
-738.937 -485.11199999999997 2378
-537.698 701.7869999999999 2379
-755.332 -459.486 2380
-468.23800000000006 -749.9739999999999 2381
-129.30200000000002 -874.673 2382
780.1410000000001 -416.44699999999995 2383
440.186 -768.096 2384
-885.2280000000001 33.0576 2385
-794.1669999999999 -393.07 2386
607.453 645.595 2387
-756.49 -462.35900000000004 2388
-718.39 519.62 2389
-768.942 442.164 2390
502.961 -730.702 2391
-522.672 716.738 2392
-517.481 720.6469999999999 2393
850.957 -251.813 2394
-880.192 -114.04899999999999 2395
-880.842 -112.13 2396
881.66 107.10799999999999 2397
884.556 -83.639 2398
-837.4939999999999 -297.014 2399
533.818 710.8660000000001 2400
252.053 852.557 2401
618.0419999999999 639.633 2402
190.468 -868.97 2403
687.278 -564.885 2404
118.82799999999999 881.888 2405
135.938 -879.5110000000001 2406
75.8178 -886.9010000000001 2407
-794.732 400.95300000000003 2408
-872.865 -176.06099999999998 2409
-665.41 593.112 2410
249.334 -856.153 2411
-791.7860000000001 -410.29400000000004 2412
867.826 -206.77700000000002 2413
724.655 520.839 2414
796.5880000000001 403.899 2415
-645.465 -617.38 2416
466.24300000000005 762.222 2417
244.155 859.576 2418
736.314 506.32 2419
432.543 782.1260000000001 2420
204.386 870.1419999999999 2421
-236.206 862.055 2422
-393.60400000000004 802.706 2423
776.85 -442.67699999999996 2424
-811.7 -375.76199999999994 2425
219.69400000000002 -867.183 2426
817.947 362.42699999999996 2427
-347.65 -824.377 2428
-860.929 243.72400000000002 2429
831.579 -330.47 2430
-17.7896 -894.684 2431
-45.2549 -893.748 2432
881.765 -153.287 2433
-703.5889999999999 553.8919999999999 2434
-605.686 659.543 2435
233.041 864.867 2436
-577.112 685.705 2437
-618.328 648.9830000000001 2438
-715.096 541.0219999999999 2439
95.81299999999999 -891.701 2440
-897.2139999999999 3.08058 2441
120.23899999999999 -889.176 2442
-270.901 -855.571 2443
-756.632 -482.713 2444
-868.23 -228.14700000000002 2445
347.81199999999995 827.888 2446
-376.535 -815.308 2447
-168.862 -882.427 2448
355.745 -825.1469999999999 2449
369.59 819.137 2450
194.588 -877.4739999999999 2451
531.365 -725.451 2452
870.7639999999999 224.67 2453
-584.408 -683.5930000000001 2454
-876.6310000000001 -202.12 2455
732.4069999999999 -524.185 2456
386.909 813.705 2457
-875.738 -211.924 2458
-30.6417 901.018 2459
900.0110000000001 61.941 2460
-867.4739999999999 -247.942 2461
607.653 667.1189999999999 2462
-894.278 -121.76899999999999 2463
-563.077 705.498 2464
-809.7230000000001 -398.92199999999997 2465
-898.673 -84.9476 2466
-738.1389999999999 -519.87 2467
-673.217 -601.729 2468
902.068 -44.5177 2469
-786.316 -444.514 2470
-150.611 -891.132 2471
-636.025 642.231 2472
-561.905 -708.175 2473
488.608 -760.654 2474
320.47 -845.77 2475
-407.523 807.4780000000001 2476
903.398 -51.0921 2477
-14.652999999999999 904.855 2478
784.025 451.978 2479
-884.905 189.74400000000003 2480
236.794 873.535 2481
-101.994 899.367 2482
874.033 -235.301 2483
-806.8480000000001 -410.639 2484
-122.838 -897.715 2485
-463.144 778.895 2486
538.668 728.824 2487
-343.56 -838.7639999999999 2488
878.4019999999999 -223.87400000000002 2489
687.2439999999999 591.1469999999999 2490
-680.0210000000001 -599.575 2491
644.849 -637.263 2492
864.3889999999999 275.407 2493
85.4194 -903.677 2494
-275.017 865.1080000000001 2495
-545.925 725.318 2496
-306.327 854.9119999999999 2497
726.1489999999999 -545.374 2498
477.24800000000005 772.85 2499
